// Start Time: 1747398475.5038033
// Update Rate: 100Hz 
// Filter Profile: 46.1 human
// Option Flags: AHS Disabled ICC Disabled 
// Firmware Version: 4.0.2 
PacketCounter	SampleTimeFine	Year	Month	Day	Second	UTC_Nano	UTC_Year	UTC_Month	UTC_Day	UTC_Hour	UTC_Minute	UTC_Second	UTC_Valid	Acc_X	Acc_Y	Acc_Z	Mat[1][1]	Mat[2][1]	Mat[3][1]	Mat[1][2]	Mat[2][2]	Mat[3][2]	Mat[1][3]	Mat[2][3]	Mat[3][3]
0														9.739853300050642	-0.03547264928611909	-0.10143378406984883	0.007636759463911236	0.007254814778265506	0.9999445222448213	0.9536501974687095	-0.3008742060633278	-0.005100293487066199	0.3008205125532207	0.953636240811084	-0.009216259486492684
1														9.793894231629926	-0.06133879863208659	-0.09771967251871871	0.007634433924600281	0.007246140040039373	0.9999446029021666	0.9536478853598862	-0.3008815289760806	-0.005100614632940814	0.300827901244663	0.9536339963400722	-0.009207326278305783
2														9.761020079128976	-0.036432604449205944	-0.09013927965720557	0.007609532568924882	0.007280972374966388	0.9999445396897557	0.9536537558648245	-0.30086349708715465	-0.005066561496876065	0.30080992160997017	0.9536394200963816	-0.009232957231620043
3														9.770059582874344	-0.035920617855680306	-0.05720403574145033	0.0076483054784685645	0.00724583786184152	0.9999444990883184	0.9536556319258727	-0.3008567448435867	-0.005114174242785985	0.3008029905426019	0.9536418179357493	-0.009211078374788295
4														9.772693166562853	-0.06317993088483977	-0.1108343113324278	0.007592069558807035	0.00725615674079344	0.9999448528139776	0.9536442526805018	-0.3008937773892807	-0.005057079973370848	0.3008404889792285	0.9536300555864223	-0.009204198660158147
5														9.772688219607385	-0.06351409127178603	-0.11107938605358234	0.007589735571213896	0.007247489945873153	0.9999449333855557	0.9536419389724762	-0.3009011050661632	-0.005057390906146819	0.30084788207127994	0.9536278093991628	-0.009195270185204274
6														9.757463488046392	-0.060720385225358504	-0.03570660132495944	0.00758692965912422	0.007236894839753871	0.9999450314149407	0.953638237988668	-0.3009128275906343	-0.005057789762211606	0.3008596841456446	0.9536241909392233	-0.009184384099950538
7														9.773128629461697	-0.04026313750134651	-0.11269377792621924	0.0075720860250226285	0.007258947917512637	0.9999449840808049	0.9536397354978796	-0.30090842976129595	-0.0050370406119112365	0.30085531139197863	0.9536254110360749	-0.009200925687856631
8														9.782172426731753	-0.039428903421262256	-0.07988410492433798	0.0075468207446852675	0.007280519006638064	0.9999450182583253	0.9536319487389155	-0.30093362090179243	-0.005006211677062777	0.30088062722792064	0.9536172973755934	-0.009214027621125886
9														9.781708296728262	-0.06451801110842852	-0.07935547525743016	0.007594637577890362	0.007282043649731174	0.9999446451280913	0.9536369408349448	-0.3009170438274893	-0.005051515524424399	0.3008636012465269	0.9536225168138642	-0.009229781718036068
10														9.772646081562174	-0.06662288627842723	-0.11294985973724161	0.007598053119640236	0.007255548545889945	0.9999448117791754	0.9536307197858264	-0.3009365727258959	-0.0050625563462846634	0.3008832329485292	0.9536165561751173	-0.009205646047471816
11														9.77310007632323	-0.042854537545688715	-0.11420421062319751	0.007589452891117954	0.007262257663613714	0.9999448283872667	0.9536303089524585	-0.30093804660687207	-0.005052321414813765	0.30088475210959426	0.953616039985731	-0.009209464147312219
12														9.782148928552154	-0.0421951651392988	-0.08133524758851171	0.007592367629791319	0.0072786658791799685	0.9999446869586304	0.9536266508088183	-0.3009496766055175	-0.005050051305745151	0.30089627252747814	0.9536122446644935	-0.009226050347574788
13														9.74790512854016	-0.09051519368534461	-0.07064243803483762	0.0075796081193536535	0.007273902451537195	0.9999448184194379	0.9536299863830322	-0.30093928515692125	-0.005039416666557994	0.3008860226262679	0.9536155603765948	-0.009217613345018805
14														9.794264630348565	-0.044519357100052406	-0.10310534790224163	0.007593690315723156	0.007259261463130773	0.9999448179726718	0.9536240591920624	-0.3009577706850056	-0.005057073695942826	0.3009044526048818	0.9536098381347176	-0.009207986491899633
15														9.77307390860653	-0.045332257920453554	-0.11547978913706726	0.007591332816499818	0.0072506232900863	0.9999448985459025	0.9536217406195497	-0.30096511257617165	-0.005057354026905436	0.30091185999194225	0.9536075867325713	-0.009199078338189781
16														9.78212834730121	-0.044540322834639406	-0.08255087391146983	0.007559709917307422	0.007275383791195189	0.9999449582735326	0.953621544665309	-0.3009663632922247	-0.00501973274212969	0.3009132771017523	0.953607003412487	-0.009213181130348636
17														9.760936822356511	-0.045210775677410775	-0.09504619233554543	0.007585167003720694	0.007257316294969063	0.9999448967826776	0.953616622254129	-0.30098146506248125	-0.005049301879218704	0.30092823563459575	0.953602374708157	-0.009203692129361674
18														9.782116812221906	-0.04582175508673709	-0.08321380736911316	0.00757483004300058	0.007266912661722025	0.9999449054473883	0.9535984842389214	-0.3010391495708946	-0.005035998695777144	0.30098596779094366	0.9535840929912784	-0.009210037293603757
19														9.760453668545692	-0.07078477307643281	-0.0945651962146198	0.0075508946313374015	0.007252358745126919	0.9999451921394986	0.9535968624934081	-0.30104459557716257	-0.005017501022550608	0.30099170724954377	0.9535824845111277	-0.00918898256556644
20														9.781633014899773	-0.07125597040232344	-0.0827959829939558	0.007567204690777873	0.007271265222343448	0.9999449315413497	0.9536037431193973	-0.3010226313524351	-0.005027576188456617	0.30096949766021586	0.9535892743292169	-0.00921180560124113
21														9.773031282527914	-0.0487926278700347	-0.11765658561972966	0.007580154005618678	0.007283933803992337	0.9999447412600309	0.9536026268041482	-0.3010260255465467	-0.005036079415380923	0.30097270875858384	0.953588106182113	-0.009227802042296784
22														9.769972767041908	-0.047102544110583316	-0.06356308179153589	0.0075712406703783985	0.007269819941867817	0.9999449114989909	0.9536199435810112	-0.3009712255191618	-0.005032356708704555	0.30091806113834546	0.9536055112715673	-0.009211370866072488
23														9.77349599648845	-0.025685413377467606	-0.11928574266447299	0.00756886245073507	0.007261204427005674	0.999944992102801	0.9536176218775221	-0.30097857743794076	-0.00503261046498088	0.3009254784259064	0.9536032565137884	-0.00920247795089335
24														9.773011948964001	-0.0507282618114966	-0.11844117253402321	0.007570869797454305	0.007238248763022259	0.9999451433380506	0.9536245612975908	-0.3009564385283586	-0.005041646388228627	0.30090343637201555	0.9536104182857752	-0.00918107381200367
25														9.760886450843778	-0.0501515670890168	-0.09770334263452911	0.00756431227786819	0.007283310034607193	0.9999448657674594	0.9536185464040334	-0.3009758313141418	-0.005021645051128343	0.30092266304487797	0.9536039546686564	-0.00922217470436315
26														9.760879772080273	-0.050616054128304604	-0.0981299295116546	0.007550031356124476	0.007265617422616499	0.9999451024081218	0.9536229047115354	-0.30096215809658405	-0.0050134821611734215	0.30090920995551995	0.9536084050580274	-0.009200932921714366
27														9.769949365060492	-0.04996638115052848	-0.06495804936466763	0.007546891974640424	0.007243293295549458	0.9999452880651811	0.9536099765593253	-0.3010030634378849	-0.00501681248721092	0.3009502567336442	0.953595664054343	-0.009178914353582757
28														9.781574822834045	-0.07602093631479498	-0.08539198634034177	0.007536371761999783	0.007263819296932039	0.9999452185144377	0.953607113116026	-0.3010124062143579	-0.005000511929926066	0.30095959349252155	0.9535925588186309	-0.00919537114814939
29														9.770425260968427	-0.026574919873706214	-0.06677863805851339	0.007531896177268793	0.007282051083079832	0.9999451196300715	0.9536029412218747	-0.301025786494003	-0.00499062708050807	0.30097292408614534	0.9535881960247254	-0.009211480301506314
30														9.769445426990181	-0.07592013065142783	-0.06513418487266888	0.007531774753004761	0.00728375764758471	0.9999451081152415	0.9535954786459416	-0.3010494399770066	-0.004989769087741069	0.3009965705370882	0.9535807158096596	-0.00921319493171463
31														9.803232161459329	-0.05320447640522629	-0.07551266775593841	0.007529378180451185	0.007275159689525468	0.9999451887557176	0.9535931536724527	-0.3010568005578226	-0.0049900006927601215	0.30100399620809365	0.9535784576474972	-0.00920431297700175
32														9.760842817109218	-0.05408883377262673	-0.09993658810065678	0.007540897891559206	0.007247130259426859	0.9999453054852514	0.953600258471204	-0.30103396903460383	-0.005009643792426022	0.3009811985866275	0.9535858789801142	-0.009180931710944695
33														9.760835086010042	-0.05469612571067776	-0.10036028424226565	0.007534334196521497	0.007292208385517807	0.9999450272415367	0.95359423419557	-0.301053384173125	-0.0049896279293606405	0.30100044903152506	0.9535794060143975	-0.009222044678336483
34														9.76082807579099	-0.055160511453572224	-0.10078683357653549	0.0075236379974003564	0.007274301322187426	0.9999452382063523	0.9535934632895302	-0.3010559061106376	-0.004984793614844052	0.3010031588584475	0.9535787465837193	-0.009201761845392065
35														9.791100184364547	-0.05431605096012586	-0.05562291867449037	0.007507996992955068	0.007282716283555035	0.9999452945159989	0.9535843339072286	-0.3010851149030008	-0.004967062568026259	0.3010324701886188	0.9535694603055306	-0.009205230293604427
36														9.794118639439603	-0.05723138984892104	-0.1104398699247127	0.00750868530278459	0.0072837587051376995	0.9999452817550315	0.9535796945953818	-0.3010998046338483	-0.004967263314656023	0.3010471486335694	0.9535648140051016	-0.009206508079277143
37														9.782002569566936	-0.05669112763045983	-0.08969592975844304	0.007511187120853358	0.0073003748198645635	0.9999451417930509	0.9535842212684447	-0.30108550921563615	-0.004964784810529255	0.3010327474144454	0.9535692007756178	-0.009223031836664453
38														9.781995687523773	-0.05729716965249476	-0.09006056832263314	0.007513315490365324	0.007288838511325668	0.9999452099607751	0.9535818333290783	-0.3010929824889842	-0.004970215351720819	0.30104025849559807	0.9535669293390183	-0.009212710559844295
39														9.748688206912856	-0.05679482274113557	-0.08130976145695167	0.0075046574675904365	0.007295627269609695	0.9999452254693937	0.953581406116399	-0.30109450559412276	-0.004959900210830592	0.30104182770067817	0.95356639649464	-0.009216585640112962
40														9.791073644287112	-0.057195518106121786	-0.05738063258258645	0.007505185226512501	0.007280980631821643	0.9999453282633779	0.9535950921455902	-0.3010510699276525	-0.0049652322461831155	0.30099845918303064	0.9535802224335688	-0.009202551438958984
41														9.781976051507375	-0.059092039600520424	-0.09102848180499465	0.007518081278312327	0.007293703023170506	0.9999451386701688	0.9535939632091295	-0.30105450662882244	-0.00497366761879614	0.3010017139236896	0.953579040213598	-0.00921858342237325
42														9.769864665102713	-0.05857800189453637	-0.07028392696762956	0.007516597455354823	0.007297309585276024	0.9999451235120409	0.9536003200778245	-0.3010344085225819	-0.0049713612753599645	0.30098161124920075	0.9535853575628539	-0.009221471225301259
43														9.781960236079271	-0.06046831112017287	-0.09182082287266854	0.0075427140593137265	0.007293043637505436	0.9999449579747486	0.9536059916761173	-0.301016005120671	-0.0049977295446844705	0.3009629879304581	0.9535911997159445	-0.009225167764182696
44														9.782461416963937	-0.03673945795811437	-0.09317149902530288	0.007524829147158352	0.007289541046100523	0.9999451182628191	0.9535920766300248	-0.30106035615569615	-0.004981299011517448	0.30100752205674663	0.95357722526429	-0.00921667632688511
45														9.769845294930683	-0.06053154741483324	-0.07131375809800455	0.007537715516386545	0.007302275866905572	0.9999449282895323	0.9535909443482555	-0.3010638031053968	-0.004989721106160194	0.30101078668678377	0.953576039562068	-0.009232717439903837
46														9.77034890587142	-0.036753810296964395	-0.07284784128545067	0.00753387782192555	0.0073206126038319885	0.9999448231357909	0.9535771777081716	-0.3011075631557951	-0.004980116915917265	0.30105449147800745	0.9535620819021081	-0.00924927669793052
47														9.794028672423748	-0.06399178518466171	-0.11462868052115437	0.007529370456079432	0.00733888576223779	0.9999447231403865	0.9535729927492425	-0.30112098024648426	-0.004970186580985303	0.3010678595927977	0.9535577046047949	-0.009265414672115502
48														9.770336588679896	-0.03783175842599755	-0.07394002353768124	0.007541321738867013	0.007377354627261801	0.9999443500041068	0.9535646416470165	-0.3011474320924016	-0.004969742926006104	0.30109400968307076	0.9535490542089888	-0.009305834197690266
49														9.78191235748394	-0.0640983524057935	-0.09442221137885219	0.0075513584424743985	0.007338052876254331	0.9999445634462238	0.9535585104374638	-0.3011664945828786	-0.004990963128175763	0.301113174998968	0.9535433369913748	-0.0092714789216512
50														9.769810168980076	-0.06359791561103473	-0.0734257959017723	0.0075440878491268015	0.00734254420579844	0.9999445853561649	0.9535571846960531	-0.3011708300309256	-0.004982635148466141	0.3011175555378066	0.953541933101566	-0.009273594980735211
51														9.781900440985225	-0.06528089182203028	-0.09484543327593842	0.00752706254741109	0.0073264528412725904	0.9999448316873152	0.9535642597597551	-0.30114861295468853	-0.0049714609822741895	0.30109557591940544	0.9535490737262727	-0.009253008026028908
52														9.769798724589334	-0.0647101535295245	-0.07397488919089039	0.007542153632815296	0.007335830227850226	0.9999446492248698	0.9535670572591978	-0.3011395620992998	-0.00498311636194404	0.3010863384954783	0.9535518600126115	-0.0092664468851959
53														9.770311930893097	-0.041073758173305774	-0.07545286350175438	0.007561258193768183	0.007333214603048255	0.9999445241302707	0.9535640201852846	-0.30114886532077223	-0.005002031996122258	0.3010954778514716	0.9535489420473381	-0.00926975392321483
54														9.77030595559981	-0.041820911721769764	-0.07581521914178563	0.0075701636007629025	0.007331501772624205	0.9999444693105788	0.9535716974216073	-0.3011244011529911	-0.00501127795342482	0.301070939314195	0.9535566811217936	-0.009270673570880628
55														9.793958004319697	-0.06921042826320419	-0.11759619013298758	0.007576785231196981	0.007359645539157689	0.9999442124154219	0.9535724560444069	-0.30112203435274865	-0.005009141712884191	0.3010683699743266	0.9535572117313151	-0.009299492255062769
56														9.770292396852527	-0.04297052538251393	-0.07691170468656121	0.0075678172079584605	0.007390153411520106	0.999944055322727	0.9535737778300966	-0.30111814249789626	-0.004991442021482162	0.3010644090183097	0.9535582047736627	-0.009325863567791304
57														9.74855554002295	-0.068079169249831	-0.08825433754745865	0.007584800320611762	0.007349264027064983	0.9999442280059211	0.9535763497365868	-0.3011095224228941	-0.005020032799100127	0.30105583539792724	0.9535612428284392	-0.009291939966391494
58														9.761168889692414	-0.04554254185321607	-0.11055213608787923	0.007561928515926963	0.0073335779352597386	0.9999445163966785	0.9535690295918802	-0.30113299160735574	-0.005002716142663177	0.3010795958551822	0.953553952327959	-0.00927021895148411
59														9.782368310292552	-0.045951273623255136	-0.09869561789712296	0.007553225130488672	0.0073404260735527305	0.9999445319292399	0.9535685912124152	-0.30113455198968964	-0.0049923392451441395	0.30108120273988853	0.9535534068645697	-0.009274136815603518
60														9.7702738599249	-0.045368885305644174	-0.07788304332324875	0.007563636433517706	0.007337629043694838	0.9999444737603774	0.9535791397261555	-0.30110096297017974	-0.005003436574518905	0.3010475306044319	0.9535640352375121	-0.009274428204804674
61														9.76114984417054	-0.047368568081440514	-0.11146286446779136	0.007578541752479628	0.007323582476728596	0.999944463880176	0.953579853033793	-0.30109839647756353	-0.0050219046874263595	0.30104489630776926	0.9535649536231637	-0.009265507471149625
62														9.77831032213268	-0.09432334803283067	-0.04319964297473369	0.00758768830005524	0.0073493411464474745	0.9999442055289758	0.9535818802822742	-0.30109195891498153	-0.0050229348056345935	0.30103824438696125	0.9535667881493421	-0.00929279048316517
63														9.70313421396088	-0.06957888577189222	-0.059922906116131304	0.00760052408282319	0.007362132226416518	0.9999440139541549	0.9535807345256495	-0.30109544808456423	-0.005031290518169307	0.30104154991493964	0.9535655877556805	-0.009308870660536372
64														9.878703461524308	-0.07457685436500644	-0.07267644600875955	0.007602139449984224	0.007404539811675326	0.9999436885474904	0.9535788047528251	-0.3011017480978355	-0.005020001852720668	0.3010476218174738	0.9535632700993706	-0.009349829701035817
65														9.858028590144762	-0.050773585962841795	-0.08620967250684988	0.007584340243258936	0.0073747150173926745	0.9999440441152134	0.9535752755353437	-0.3011130597937885	-0.005011896778343905	0.3010592494356699	0.953559929317521	-0.009316089801869765
66														9.644070202794541	-0.0006865523003259114	-0.15501981574105445	0.0075787505430928714	0.007379544522528703	0.9999440508662698	0.9535690332857252	-0.30113294332481955	-0.00500491788724533	0.30107916118312245	0.9535536129485173	-0.009319116594202814
67														9.703108208576557	-0.07175000598645846	-0.061551439431177885	0.007585343141909229	0.0074077275285341915	0.9999437924914998	0.9535697815577218	-0.30113060999438646	-0.0050027416851768924	0.3010766252457659	0.9535541312884512	-0.009347964128563369
68														9.904466867682057	-0.0061022907358073515	-0.11966809824079874	0.007590678928071193	0.007381530854121854	0.9999439457267894	0.9535644030269217	-0.30114742818874296	-0.005015553330997347	0.3010935251268634	0.9535490231223329	-0.009324678499730676
69														9.685926983622595	-0.02695915615112583	-0.13072093512608923	0.007611792051147037	0.007352128628007715	0.9999440018453065	0.953563216390596	-0.3011507019397888	-0.005044508696890271	0.301096750179391	0.953548216361296	-0.009303015941063031
70														9.770212116247789	-0.051818316165351846	-0.0815196281337445	0.007604455104170127	0.007357916583949631	0.999944015095901	0.953558267672475	-0.30116651994673527	-0.005035614822492096	0.30111260753418556	0.9535431759111463	-0.009306409471283694
71														9.8120770972043	-0.07674329071481453	-0.05650465606040529	0.007615150874733356	0.007332455460015208	0.9999441207257943	0.95356273283193	-0.30115208027870255	-0.005053622256447399	0.301098196658924	0.9535479325344567	-0.009285274794382625
72														9.752486907216547	-0.031127697433449706	-0.14969200132113814	0.007583827954529221	0.0073564826589890275	0.9999441823004145	0.9535696390907553	-0.30113082851266937	-0.0050167243895012925	0.3010771146365712	0.9535544590017717	-0.009298642909354504
73														9.776385062000495	-0.049886799700664675	0.005173066140318596	0.007631377057547295	0.00735827513874443	0.9999438073567877	0.9535745846044353	-0.3011144149683279	-0.005061688923711172	0.3010602492536741	0.953559628384751	-0.009314581796919408
74														9.770185725061836	-0.054412192167560595	-0.0829794870484451	0.007623854967143684	0.007363278021078168	0.9999438279084605	0.9535732277753312	-0.30111885826896495	-0.005052965953952271	0.301064737399744	0.9535581866522775	-0.009317111292881097
75														9.773115916466942	-0.057410957593400855	-0.13792064369208168	0.007623471996627662	0.007393061514732846	0.999943611068222	0.9535652669622809	-0.3011442277612518	-0.005043384700073816	0.30108996050660725	0.9535499445375257	-0.009345531264248808
76														9.804012787544234	-0.032319942968214305	-0.09418969147079465	0.007638662004280872	0.007402921770110427	0.999943422195501	0.9535651101180067	-0.3011445313635866	-0.00505489816312521	0.30109007225150775	0.9535497721561635	-0.00935950920243439
77														9.758091159500934	-0.05492982315983639	-0.06324868234268995	0.007629914643604574	0.007409820982936299	0.9999434378781292	0.9535646623196112	-0.30114612427180953	-0.00504446343565268	0.30109171223701436	0.9535492155044063	-0.009363462666888644
78														9.770156540232579	-0.05661135589882657	-0.08492190576036007	0.007620876584079672	0.007441387991725168	0.9999432723834127	0.953560181222965	-0.30116061849793674	-0.005026196570673713	0.3011061324950342	0.9535443920503637	-0.009390919187497737
79														9.782779341516779	-0.03400179946393108	-0.10768031573658583	0.007629488321029165	0.0074427814508953305	0.9999431963427889	0.9535627821002499	-0.3011522517193781	-0.005034071670091178	0.3010976776748544	0.9535470236378605	-0.009394796974224462
80														9.749488638600853	-0.03361376863494135	-0.0989415327990234	0.007654750430575175	0.007436362889462811	0.9999430510298186	0.9535736512121461	-0.3011173918558846	-0.005060438305782566	0.30106261227489317	0.9535580825670171	-0.009396098197206049
81														9.703567036268902	-0.05620340890990667	-0.06798583080464463	0.007632810780778321	0.007460223005070821	0.9999430410139866	0.9535663950913942	-0.30114084431650556	-0.005032100629454361	0.3010861510464865	0.9535504899883679	-0.009412369040554924
82														9.791340856822535	-0.058735640659566844	-0.07503360178103938	0.007615429337082813	0.0075736179509159895	0.9999423211101454	0.9535576673031358	-0.30116932745706193	-0.004981096913626637	0.3011142314195957	0.9535406003470404	-0.009515415198066646
83														9.878547996462702	-0.08592008216470869	-0.08082619143042	0.007633020626555076	0.0075466392948259076	0.9999423909563325	0.9535708324304533	-0.3011272211864192	-0.005006415727498048	0.30107209192152923	0.9535541122012415	-0.009494765404952643
84														9.749457828184593	-0.03576818134595227	-0.10119636051264574	0.007648927071544909	0.007530612346685839	0.9999423902367266	0.9535707423046174	-0.30112717349460283	-0.005026410625132094	0.3010719736795095	0.953554253968192	-0.009484271394758104
85														9.691475823680031	-0.05716102883453229	-0.04891485865648272	0.007640157864442221	0.007537536255747879	0.9999424051089136	0.9535702907239922	-0.3011287779681119	-0.005015947367332019	0.3010736266038038	0.9535536925766813	-0.009488242039939088
86														9.791312002766382	-0.06135635020649519	-0.07668292756560888	0.007661116906215515	0.007546588345620664	0.9999421764742651	0.9535783124792696	-0.30110308234816513	-0.005033464971747614	0.30104768601824045	0.95356173518277	-0.009503048894283828
87														9.80684104105641	-0.04136166534395569	-0.15385227810285423	0.007652342167126902	0.007553517962928635	0.9999421913419502	0.9535778598505276	-0.30110469064203005	-0.005022994749671994	0.30104934290286217	0.9535611724686317	-0.009507023614351684
88														9.762065470673637	-0.014929581572029832	-0.12506933661029843	0.007620851773972981	0.007579402071654695	0.9999422359728966	0.9535771162975031	-0.301107674488854	-0.004985141688403472	0.301052496903743	0.9535600248689913	-0.009522241326033076
89														9.758011600098737	-0.06182259901093925	-0.06890874850675327	0.007668323486380746	0.007581266434017575	0.9999418589168896	0.9535820504561956	-0.30109130176713816	-0.005030014704545505	0.3010356621110961	0.9535651799428431	-0.009538225092091068
90														9.782119210508132	-0.0649440681881684	-0.11183972761569742	0.007640544322599752	0.007618966390348758	0.999941785022307	0.9535784521404954	-0.301103329475522	-0.004992052893607268	0.301047766468698	0.9535610815935697	-0.00956587551195931
91														9.7821094365545	-0.06536078505607718	-0.1124502958239165	0.007647067183469192	0.007647234782482026	0.9999415193718451	0.9535791800870044	-0.3011010616832346	-0.004989785348718079	0.3010452950439333	0.9535615714013498	-0.00959478392151758
92														9.778633705450318	-0.08772316034100852	-0.05744428276588876	0.007632438822779419	0.007668411252871765	0.9999414689602957	0.9535808507896414	-0.3010961058890308	-0.004969509610194822	0.301040374177486	0.9535629661890813	-0.009610547734693442
93														9.782670710600135	-0.04194692121884283	-0.11452957371724763	0.007623647869729799	0.007675359659206904	0.9999414827114941	0.9535803953434241	-0.3010977212746941	-0.0049590180345140955	0.30104203960549825	0.9535624002115906	-0.00961453549960578
94														9.80388601129896	-0.04246262434372696	-0.10295153378559775	0.007630550278261261	0.007701737164994671	0.9999412272464281	0.9535824794335521	-0.30109114213855426	-0.004957725593512097	0.3010352630835973	0.9535642649398848	-0.009641732720168494
95														9.791244126385214	-0.06610559413449378	-0.08126556924531365	0.0076197098238287575	0.007735519180016581	0.9999410491450068	0.9535801553899966	-0.30109884075205595	-0.004937139268696156	0.30104289938244866	0.9535615605931189	-0.009670723376524415
96														9.757378465265854	-0.08969516882162577	-0.07164097265924184	0.007608433649688884	0.0077678890366790765	0.9999408840713091	0.9535818976946311	-0.3010936573854439	-0.004916693132816674	0.30103766562758166	0.9535629341486433	-0.009698169483237096
97														9.782635045183488	-0.04398357509585663	-0.11678974418323869	0.007621166950944835	0.007780787126361044	0.9999406868239735	0.9535807311884144	-0.3010972173593346	-0.004924916713430261	0.30104103859851805	0.9535617048991427	-0.009714320839137147
98														9.769992430338592	-0.06776224981170863	-0.09503473003198593	0.007628938199549851	0.007807317899945931	0.9999404207697362	0.9535810092817557	-0.30109634591483936	-0.004924349085933755	0.3010399608675502	0.9535617632140779	-0.009741955497908628
99														9.749343622785357	-0.043971152498280125	-0.1086896866582949	0.007620128988879038	0.007814285813616095	0.9999404335116246	0.9535805513209227	-0.3010979680746355	-0.0049138339217487115	0.3010416346233152	0.9535611939244112	-0.00974595632934544
100														9.783196028494814	-0.02130919600391043	-0.119486432285183	0.007621894707515564	0.007856817153683693	0.9999400867778436	0.9535803172038393	-0.30109889096283654	-0.004902703578183565	0.30104233151251875	0.9535605530249056	-0.0097870502370907
101														9.782599067555964	-0.04619534918696348	-0.11892969623377166	0.007613080920322424	0.007863790548133909	0.9999400991044993	0.9535798584092084	-0.30110051509211927	-0.004892182287539237	0.30104400780479695	0.9535599827013903	-0.00979105486399623
102														9.761953722428684	-0.022364285973037717	-0.13246453689406132	0.007606272894277788	0.007869408416032564	0.9999401067183171	0.9535772310583706	-0.30110896999856374	-0.004883911696049126	0.30105250209840234	0.9535572665538161	-0.009794405684151686
103														9.758500141362132	-0.04479841550636277	-0.07726296668341039	0.007614799398813432	0.007870891693647464	0.9999400301488401	0.9535798209569459	-0.3011006418330925	-0.004891681860020702	0.30104408297429747	0.9535598840931006	-0.009798344478412824
104														9.757900633245656	-0.06973234799939336	-0.07663812343858499	0.0076063353740760675	0.007903756396309025	0.9999398353386092	0.9535722397866127	-0.30112494557035874	-0.004873465254972842	0.301068309807791	0.9535519376468575	-0.009827260015064732
105														9.794012090778734	-0.07407243216185831	-0.14078842889989568	0.007619047876113172	0.007916675677585472	0.9999396363559543	0.9535710690236523	-0.30112852024073045	-0.004881661471025978	0.30107169649528864	0.9535507016115319	-0.009843425501565972
106														9.758480463069933	-0.046509301291102735	-0.07872351582396514	0.007612288290295421	0.007922702750431776	0.9999396401023988	0.9535676324151936	-0.30113953823036843	-0.00487328682553112	0.30108275187574063	0.9535471720347819	-0.009847193884674532
107														9.761318759537795	-0.04976212580748958	-0.13354606250589446	0.0076381443666450055	0.00791870632178071	0.9999394745887491	0.9535732702902378	-0.3011212624422495	-0.004899335992452347	0.3010642405511079	0.9535529767115067	-0.009851074358128709
108														9.757868821402079	-0.07218490928529764	-0.07839743474337704	0.00761704316107209	0.007940795733743233	0.9999394603757754	0.9535697064969817	-0.30113298419347656	-0.004872441071056999	0.30107606265650194	0.9535490913392167	-0.009865845195002165
109														9.781932403472537	-0.07509917668970575	-0.12141126867973108	0.007610369196881905	0.007986045620169246	0.9999391508267088	0.9535636104764238	-0.30115261324737	-0.004852247875682447	0.30109553808692396	0.9535425143168146	-0.009907085066416299
110														9.783122962848157	-0.026843230415202833	-0.1242583596051374	0.007613248927165972	0.008001178384109797	0.9999390079326037	0.9535713369393717	-0.30112817231002054	-0.0048506915885047075	0.30107099463155407	0.9535501061746536	-0.009922258103604698
111														9.77048012365138	-0.050560165727071706	-0.10236168042417325	0.007614831578141523	0.008004204066251353	0.9999389716664221	0.9535652251914962	-0.3011475190772496	-0.004851088445710194	0.30109031144413645	0.95354397091633	-0.009925718290862084
112														9.77168103625342	-0.0023656999656659653	-0.104966100773111	0.007606303655443514	0.00801075753887126	0.9999389840927071	0.9535677592361514	-0.3011396563713321	-0.0048410645422065635	0.301082501467699	0.9535463990410797	-0.00992935978518189
113														9.76126371161989	-0.053029823636059924	-0.13628391484086153	0.007610601264408434	0.008000848704437014	0.9999390307255753	0.9535741059406189	-0.30111944127843304	-0.00484835680554202	0.30106229127531686	0.9535528661297041	-0.009921102150631245
114														9.770460526493835	-0.05232961388342445	-0.10333824363449105	0.007602596623877633	0.008007133182411474	0.9999390413134063	0.9535750597454831	-0.3011165735320651	-0.004838860992742999	0.30105947245681086	0.9535537189705192	-0.009924670348136544
115														9.757815602958848	-0.07598190062385994	-0.08137674447389738	0.007600659490430206	0.008012634042006472	0.9999390119757405	0.953583291362748	-0.3010905563648316	-0.004835628367176603	0.30103344732620635	0.9535618881664818	-0.009929200736974897
116														9.779654368055446	-0.052191303161599326	-0.07069763566851986	0.00759842472999972	0.007990673371703394	0.9999392046923099	0.9535697571572346	-0.3011333523333505	-0.004839663993603138	0.3010763726643379	0.9535485584130182	-0.009907803577975438
117														9.77044161044848	-0.05402495864875521	-0.1042502879044678	0.0075833464736800305	0.00801309489868579	0.9999391397312165	0.9535711762444743	-0.301129196776036	-0.004818577046139139	0.3010722582570342	0.9535496825856347	-0.00992462336039207
118														9.767615109184884	-0.05207739789979168	-0.05022126079868638	0.00760998228378601	0.008007601651862928	0.9999389813810773	0.9535800707548296	-0.3011005905441041	-0.004845929550326311	0.3010434135284401	0.9535587620539061	-0.009927259509438124
119														9.812901142416784	-0.055275449971886194	-0.08089704524121369	0.007590018335361215	0.008004706520084559	0.9999391562966201	0.9535746667910382	-0.3011179989789147	-0.0048275817232890095	0.3010610344698058	0.9535532892106565	-0.009918576486006914
120														9.7704212002385	-0.05579410421286699	-0.1052267183350494	0.007579149451162781	0.00799843536585687	0.9999392889197304	0.9535749261401218	-0.30111731334413666	-0.004819112083274402	0.30106048683023656	0.9535535583469386	-0.009909320533401322
121														9.725741838815715	-0.02932101969289772	-0.07635168684506123	0.007564062034474683	0.008020864255475102	0.9999392235041761	0.9535763421660821	-0.30111316596776627	-0.004798014383489035	0.30105638114262645	0.9535546796159433	-0.009926145064523939
122														9.779003004038437	-0.07992964133939859	-0.07164130867426456	0.007583405755506589	0.008018322860800231	0.9999390973732589	0.9535748765281935	-0.30111750134977455	-0.004817181241101476	0.3010605367885144	0.9535533319533673	-0.009929567424770358
123														9.783038410262424	-0.034364201167892766	-0.1289736228834747	0.007577388483314185	0.008077510474716942	0.9999386666232606	0.9535793492979212	-0.30110371035940786	-0.004793766822798584	0.30104652095037815	0.9535571872899544	-0.00998412696958828
124														9.771007942079201	-0.03366324277699212	-0.10825651288667912	0.007588954831498906	0.008051869579980164	0.9999387857068217	0.9535836078688424	-0.30108992195084006	-0.0048126607484059725	0.3010327400274059	0.953561757987339	-0.009963088662071351
125														9.770382505085419	-0.05865517416940061	-0.10724429795116627	0.007564782901817724	0.008037564541216846	0.9999390839525648	0.9535819635814318	-0.301095429476799	-0.0047938586090158775	0.301038556985363	0.953560139636944	-0.009942198134347602
126														9.77162303696788	-0.0104587766719795	-0.1097615982262361	0.0075747373714427635	0.008039030707748918	0.9999389968088224	0.9535829760158838	-0.30109207822640754	-0.004802945137457493	0.30103509962534974	0.9535611854593197	-0.009946576243765215
127														9.758347920353657	-0.058560915438498715	-0.08670614409759678	0.007576963648884494	0.008056004241463022	0.9999388433386941	0.953587436993881	-0.3010779948726612	-0.004800105300844293	0.30102091227903893	0.9535654889933464	-0.00996336145965776
128														9.78020797261704	-0.03457610664707729	-0.07636059950899131	0.007550678351574414	0.00809501821406966	0.999938727091088	0.9535786267715963	-0.30110648688553043	-0.004762994840524448	0.3010494806851991	0.9535561620772885	-0.00999279458430885
129														9.746315216940323	-0.058310107915272566	-0.06647260933123295	0.007589570828630043	0.008074217509795367	0.9999386008281919	0.9535910653858435	-0.3010663963516309	-0.004806766494743153	0.3010091002460382	0.9535689969789536	-0.009984466416553928
130														9.779568186902525	-0.060476263368472095	-0.07583108774608306	0.0075942662236621605	0.008049745322360746	0.999938762485368	0.9535863168906624	-0.3010812493666827	-0.00481845604924197	0.3010240245552258	0.9535645142726539	-0.00996261815650118
131														9.779561523798467	-0.06109646241783922	-0.07619244210004036	0.007593787137194441	0.008079636782868826	0.9999385250436008	0.9535783167916136	-0.30110674158714656	-0.004808733268130361	0.30104937824514383	0.9535562121030035	-0.009991106944882644
132														9.770325857532134	-0.06296909374568442	-0.10992551371857155	0.007592918522307146	0.008084005566296792	0.9999384963298081	0.953585718987779	-0.30108332879759286	-0.004806835000385534	0.3010259525869388	0.9535635678727268	-0.00999489344422344
133														9.767533663989195	-0.0608887643832663	-0.055837191211269926	0.0075840323312338365	0.00809106921192737	0.9999385066355866	0.9535852428107282	-0.3010850062685102	-0.004796216623168481	0.30102768501784677	0.9535629783078303	-0.009998962621044383
134														9.757662480817157	-0.0871009480866631	-0.08830115308567511	0.007575978052360599	0.008097815167295574	0.999938513082713	0.9535851162660698	-0.3010855616983948	-0.004786498990781984	0.30102828869124054	0.9535627456682013	-0.010002973625116374
135														9.758290323930412	-0.06337445016056065	-0.08975027728654038	0.0075906295488805675	0.008084002486660247	0.9999385137331431	0.9535858059583804	-0.30108308813254847	-0.004804655583281248	0.3010257348097627	0.953563643887687	-0.009994200212058546
136														9.79281526222238	-0.016379955566946665	-0.10166060492491112	0.0075528899036237385	0.008126502040475048	0.9999384550154522	0.953586933100415	-0.3010802923363255	-0.004755900211028619	0.30102311352161676	0.9535641653980391	-0.010023352457777912
137														9.758917237675307	-0.03992617378323372	-0.09151240589416426	0.007554255581370017	0.008064520914839668	0.9999389464987474	0.9535883344444728	-0.30107553716573754	-0.004775911617512785	0.3010186400109253	0.9535661929948943	-0.009964634624322843
138														9.770923429910807	-0.041908408709462566	-0.11290661039427134	0.007554953792860586	0.008093162217819638	0.9999387098210089	0.9535802754897479	-0.3011011912360942	-0.004767686346805522	0.30104415103118054	0.9535578500340296	-0.009992285444015647
139														9.779509695339744	-0.06565685667400085	-0.07899987625702186	0.007580687329340641	0.008089301839550866	0.9999385462994028	0.9535858953551977	-0.3010829815359709	-0.004793579981189677	0.30102570215720886	0.9535636326041166	-0.009996260080676445
140														9.758255509014692	-0.06640662969711876	-0.09132928749627332	0.007578989933210656	0.008079479964114011	0.9999386385749385	0.9535841670864718	-0.3010884348319487	-0.0047948610456730045	0.30103121963276863	0.9535619940066595	-0.009986410388668931
141														9.779496410215696	-0.06696088665501446	-0.07954771669534885	0.007565882052283479	0.008075157625221818	0.9999387727546617	0.9535874491694503	-0.30107821631689535	-0.0047837690096732	0.3010211524382832	0.9535652570688409	-0.009978291234642056
142														9.758243001020215	-0.0674772302987812	-0.09187933143300821	0.00755823288670443	0.008081402710608754	0.999938780148995	0.9535865937105662	-0.30108107185555444	-0.004774564460822084	0.3010240545390193	0.9535643025515059	-0.009981958142075642
143														9.792138335149703	-0.044981590182881497	-0.10253069806212112	0.007555546915755829	0.008073084510208772	0.9999388676400645	0.9535842303034439	-0.3010885593068551	-0.004774428877945935	0.30103160868485546	0.9535620088704315	-0.009973254814482357
144														9.75887753997012	-0.04417645263598184	-0.09376490816732616	0.007546246990269012	0.00810551743407234	0.9999386754913966	0.9535804768960441	-0.3011007434455635	-0.004755668117356282	0.30104373143959556	0.9535578864881017	-0.010001443759265816
145														9.792124540213946	-0.046014021417545535	-0.1033864641931197	0.007543556677531982	0.008097203141294806	0.9999387631519949	0.9535781129290803	-0.3011082322079023	-0.004755527231129153	0.3010512868188191	0.9535555924003176	-0.009992742707211122
146														9.780115343599352	-0.045353386043501635	-0.08234913743362357	0.007547629876210882	0.008070892151432862	0.9999389451277174	0.9535759735025054	-0.30111482186976773	-0.004767264319049724	0.30105796126659956	0.9535537345898335	-0.00996891206605044
147														9.780763616579746	-0.021626456634276425	-0.0837537794641035	0.007545597417938754	0.008076533923800311	0.9999389149139983	0.9535841832737513	-0.3010888750484927	-0.004763898840859981	0.3010320072180684	0.953561879964699	-0.009973550443545809
148														9.759509176779199	-0.022265279438796425	-0.09614588337435155	0.007554893140660268	0.00807615762899927	0.9999388477639944	0.9535872235084081	-0.3010791022828237	-0.004772979163419455	0.3010221432904209	0.9535649688650064	-0.00997594117468631
149														9.801348348956248	-0.04724215452704682	-0.07131224099135275	0.007545971113589067	0.008083263756115733	0.9999388577143113	0.9535867377779594	-0.3010808095902837	-0.004762313560487286	0.30102390578480964	0.9535643695857707	-0.009980040207817564
150														9.746841092534138	-0.046470796583977056	-0.07443720310435217	0.0075446243334865715	0.008073408446744701	0.9999389474961553	0.9535832226138747	-0.3010919178534858	-0.004763879999294229	0.3010350746889878	0.9535609456554741	-0.009970292254178448
151														9.791428503878548	-0.07408584892214558	-0.1039971616021151	0.007535699004028229	0.00808051910055474	0.9999389573626916	0.9535827357226079	-0.30109362850838595	-0.00475320980408811	0.3010368405566141	0.9535603452759139	-0.00997439446643561
152														9.758829704561931	-0.048970979210940395	-0.09632706339433142	0.00754495532964955	0.008081183769120204	0.9999388821912885	0.9535853516248229	-0.3010852059409027	-0.004761925040069337	0.3010283222815366	0.9535629990894225	-0.009977772895263748
