// Start Time: 1747398475.5038033
// Update Rate: 100Hz 
// Filter Profile: 46.1 human
// Option Flags: AHS Disabled ICC Disabled 
// Firmware Version: 4.0.2 
PacketCounter	SampleTimeFine	Year	Month	Day	Second	UTC_Nano	UTC_Year	UTC_Month	UTC_Day	UTC_Hour	UTC_Minute	UTC_Second	UTC_Valid	Acc_X	Acc_Y	Acc_Z	Mat[1][1]	Mat[2][1]	Mat[3][1]	Mat[1][2]	Mat[2][2]	Mat[3][2]	Mat[1][3]	Mat[2][3]	Mat[3][3]
0														9.809159569274504	-0.07554866476729273	0.18705662987489644	0.006100745355276882	-0.015549190232553689	0.9998604920633789	0.9949350485618025	-0.10022994230868199	-0.007629404178705779	0.10033459049317855	0.9948427922782124	0.01485895698412315
1														9.845824214692913	-0.08251548290349288	0.09397961190528831	0.006110603711322715	-0.015561189209385484	0.9998602451906329	0.9949324972436044	-0.10025439817270282	-0.007640783705481047	0.10035928681934697	0.9948401404433873	0.014869717942623595
2														9.875943800221902	-0.06585694757981193	0.14314802447239436	0.006110649300150761	-0.015570878278495792	0.9998600940705491	0.994930604616207	-0.10027308010870456	-0.00764208110023834	0.10037804522483923	0.9948381060027557	0.014879209713238972
3														9.823104542060138	-0.07903373268983928	0.16824063332932837	0.006131659383589616	-0.015564731088002326	0.9998600611582409	0.9949307022510294	-0.10027056584017519	-0.0076623328278041525	0.10037579624330051	0.9948384556159099	0.014871003875802924
4														9.842772199752524	-0.05841308748207074	0.14916723994839096	0.006119860872205507	-0.015572890876452916	0.999860006387222	0.9949322408765693	-0.10025614825575857	-0.007651196066496058	0.10036126427677894	0.9948397809731324	0.01488041753772712
5														9.875446503390638	-0.0920444425072426	0.17760362470470137	0.006118685259515644	-0.015597173988267099	0.9998596350759819	0.9949318496006699	-0.10025993007801906	-0.0076525205613198755	0.10036521479519528	0.9948390194319539	0.014904666208401696
6														9.828304713433042	-0.08134246035293878	0.20341329058608923	0.006107874649349754	-0.015620090827067445	0.9998593434227746	0.9949318977683654	-0.10026009701292671	-0.007644066326086829	0.10036539578115022	0.994838643051984	0.014928550505001803
7														9.856239061586015	-0.08732874513889118	0.1641162498742068	0.006109569088822819	-0.01561265167450776	0.9998594492593647	0.9949311296444004	-0.1002676389680045	-0.007645118723714761	0.10037290685272943	0.9948379997182824	0.014920921099614404
8														9.842262388693737	-0.08455249653254031	0.18415726624736364	0.006113650768620249	-0.015621133576788793	0.9998592918306338	0.9949301396059944	-0.10027707688956647	-0.00765017346741137	0.10038247146726798	0.9948369152963018	0.014928877582157385
9														9.87068628791544	-0.06486389750477364	0.11127706352919896	0.006104313025979191	-0.015625977081453413	0.9998592731993496	0.994931532296848	-0.10026394440826475	-0.007641170927514485	0.10036923534593628	0.9948381628646678	0.014934734819398443
10														9.84274046018081	-0.0591621074950956	0.15095566235660654	0.0061297072710526646	-0.015590685575407215	0.9998596687596013	0.9949329942148671	-0.10024779667394709	-0.007662655196328305	0.10035319482413135	0.994840343866948	0.014897197833223186
11														9.856220475242694	-0.08795293684927066	0.16489733894513942	0.006109214910495653	-0.015613676969751356	0.9998594354131294	0.994931737625968	-0.1002616318275622	-0.00764477912346484	0.10036690170444434	0.9948385890559126	0.01492202290213368
12														9.864972116984386	-0.0890296837723958	0.1111757644147316	0.006123085302321307	-0.015573857280207548	0.9998599715939209	0.9949319401601779	-0.10025887705938683	-0.007654542435377998	0.10036404872007082	0.994839490842722	0.014881034383025016
13														9.837024503002917	-0.08332596911531465	0.15085338255445116	0.006123343468415754	-0.01558227915303112	0.9998598387980009	0.9949313605047156	-0.10026453854609088	-0.007655729512894338	0.10036977906224037	0.9948387883906298	0.014889343990269588
14														9.870180079543722	-0.09126151064866028	0.1457205603631756	0.006107366515882673	-0.015605552057309235	0.9998595735498199	0.9949304967596551	-0.1002741327126078	-0.007642311582275296	0.10037931406334138	0.9948374565996807	0.01491402878004916
15														9.831798220194885	-0.08146131066618656	0.11748235720768287	0.006099465621883515	-0.015594531527520106	0.9998597937238829	0.9949317008816441	-0.10026288060211158	-0.007633174577221624	0.10036785889858907	0.9948387634987919	0.014903943783744378
16														9.861903581103329	-0.06463124728473368	0.1666312264280044	0.006082521219077597	-0.015619096487738626	0.999859513512037	0.9949287804267285	-0.10029291701898158	-0.0076192305653158265	0.10039783271666397	0.9948353505081791	0.014929854824022037
17														9.842708354923174	-0.05988891538530805	0.1527517523139778	0.006102095387839124	-0.01562881613497441	0.9998592423626924	0.9949290667786166	-0.10028852531995042	-0.007639618326915731	0.10039380713425006	0.9948356405936455	0.014937593304216568
18														9.83699763803919	-0.08381069122148854	0.15232945281827917	0.006097646580847216	-0.015588947696192845	0.9998598918928099	0.994929955123488	-0.10028036315004507	-0.0076310657493204315	0.10038527334300812	0.994837088912663	0.014898436818307548
19														9.86189402593576	-0.0651295521951052	0.1670022616648713	0.006110499808993697	-0.015563362835225358	0.9998602119943285	0.9949318365090569	-0.10026093893660948	-0.0076409962874535164	0.1003658432575531	0.9948394472782072	0.014871840719685836
20														9.845259198426117	-0.11079896104751906	0.13217633471040188	0.006107142419829958	-0.015591680557714482	0.9998597913251889	0.9949325937006079	-0.10025347120139969	-0.007640386394085985	0.10035854125905141	0.9948397564479701	0.014900408950729027
21														9.837485973060314	-0.05852428341700601	0.11922848561941987	0.006103975466722922	-0.015585387818669916	0.9998599087722453	0.9949304065772046	-0.10027543734177363	-0.007636932239715899	0.1003804141833437	0.9948376412020492	0.014894297429643544
22														9.847902160489417	-0.06259885094183863	0.18754430529686106	0.006113365516407954	-0.015579099239123984	0.9998599494073963	0.9949328521552716	-0.1002505337607468	-0.007645271928605424	0.1003556000641706	0.994840249561498	0.01488728948389717
23														9.856163257637858	-0.08947126157467797	0.1674802418149665	0.006118487200066469	-0.015586380694907198	0.9998598045982325	0.9949336912861182	-0.10024177088964431	-0.007650968088211585	0.10034696835560797	0.9948410185078524	0.014894087286474511
24														9.831763712526739	-0.0827626063066122	0.11944434974995242	0.006118628938040049	-0.015596866079581329	0.999859640223774	0.9949323948826507	-0.10025453162220377	-0.007652352728821754	0.10035981263928478	0.9948395683011955	0.014904407042868661
25														9.862365287203206	-0.04031116697477337	0.13502264685617116	0.0061092962063517	-0.01560171079251188	0.9998596217070723	0.9949337875449753	-0.10024139623377984	-0.007643355448486655	0.10034657393888757	0.9948408159607489	0.01491026482924468
26														9.861853845268072	-0.06624863216188082	0.16892385039276783	0.006138348121727755	-0.015616476903731802	0.999859213255272	0.9949303145840772	-0.10027350272040758	-0.0076742278966305255	0.10037922994307891	0.9948373486662508	0.014921792611441942
27														9.856138813515392	-0.09022020777695978	0.16851377891542316	0.00613332185352139	-0.015573732689840691	0.9998599107940808	0.9949311417659392	-0.10026601436225296	-0.007664822779032077	0.10037133807699583	0.9948387734773985	0.014879827909607235
28														9.85093203605764	-0.08832950054651795	0.1345213510512073	0.006130657601700895	-0.015585535911189663	0.9998597432178838	0.9949304236821228	-0.10027324338101842	-0.007663464853676805	0.10037861858525055	0.9948378600215277	0.014891782925651798
29														9.881026783691095	-0.07162479871320268	0.1836162850220908	0.006137214708232863	-0.015576954367468088	0.999859836721257	0.9949310742290659	-0.10026636319015175	-0.007669025102144511	0.1003717695819985	0.9948386878812334	0.014882639743130588
30														9.842148050294197	-0.08758399263095965	0.18879285655427522	0.006124903269800364	-0.01556988776004653	0.9998600222806567	0.9949299745836917	-0.10027825099722051	-0.007656242670738278	0.10038342111539322	0.9948376003007116	0.014876753445951296
31														9.861836280616386	-0.06680687264699504	0.16972746539932898	0.006110705635049951	-0.015575876372152464	0.9998600158781634	0.9949299487698633	-0.10027953746197057	-0.007642735584221516	0.10038454222358562	0.9948373768820977	0.014884127146342296
32														9.856118625992709	-0.0906565363972118	0.16945771495848164	0.006122522827138266	-0.015569460837171645	0.9998600435078255	0.9949318300783503	-0.10026004455401263	-0.007653558843566388	0.10036517429455144	0.9948394419981885	0.01487670775262856
33														9.856625517410626	-0.06529779758712308	0.1360374542263515	0.006153125581130736	-0.015566903713238378	0.999859895462542	0.9949299537168801	-0.10027633508629433	-0.007683997565578082	0.10038190196698515	0.9948378401178977	0.014870965908325873
34														9.850907316004271	-0.08926939170228945	0.13570590346375874	0.006146449361252304	-0.015559208734863939	0.9998600562997777	0.9949320366427881	-0.10025625746869268	-0.00767628166530443	0.10036166410579006	0.994839984048649	0.014864135225448494
35														9.850903497813142	-0.08946005144958638	0.13585746452911848	0.0061674624115089505	-0.01555306907926468	0.9998600224279492	0.9949321326814493	-0.10025375140156836	-0.007696537393936886	0.10035942290261723	0.9948403326022368	0.014855936945392834
36														9.842631526471246	-0.06287243699552465	0.1564584048609342	0.006137392230447403	-0.015574787473339069	0.9998598693875909	0.9949322093842728	-0.10025511454115416	-0.007668815949666119	0.10036050590914453	0.9948398554558924	0.014880552750492215
37														9.8700728397734	-0.09447784412375633	0.1508443375967522	0.00613765074014655	-0.015583217856178111	0.9998597364453872	0.994931629974863	-0.1002607735450124	-0.007670004153737808	0.10036623395821226	0.9948391531345169	0.014888870730944526
38														9.856604518629053	-0.06599868996901556	0.13721553252599214	0.006147764991219551	-0.015560441149827464	0.999860029032482	0.9949337993536415	-0.10023867336471437	-0.007677451778429378	0.10034410739719957	0.9948417366763948	0.014865365025938715
39														9.850886464347669	-0.08989685219000826	0.13680091283843993	0.006149458914307515	-0.015553005527378427	0.9998601343058574	0.994933031231735	-0.1002462166103012	-0.007678503718338392	0.10035161941440307	0.9948410928758353	0.014857738943758692
40														9.856599520163256	-0.06638435615030959	0.13738845113483747	0.00616966767421373	-0.015533182564321069	0.9998603179645718	0.9949345178876823	-0.10023008934260177	-0.00769638265556255	0.10033563831658493	0.9948430275323836	0.014836113163693487
41														9.875776946094751	-0.07137568902130316	0.151755245604355	0.006142453387634139	-0.015520865223631941	0.9998606767990685	0.994934858261744	-0.10022888231906055	-0.007668048301628705	0.10033393285456782	0.9948433413818392	0.014826598603634389
42														9.856593456458208	-0.06660427447693704	0.13771671477034816	0.006173222086211627	-0.015536835205823385	0.9998602392739004	0.994935020436184	-0.10022480689236984	-0.007700207337292986	0.10033043625303556	0.9948435026853091	0.014839431461525276
43														9.850347689805512	-0.11626878762187058	0.1710451462052874	0.006165329577009437	-0.015525811334474782	0.9998604592109908	0.9949362246394704	-0.10021355294415141	-0.0076910796685014104	0.10031897931779571	0.9948448084946295	0.014829342531603285
44														9.870568106492772	-0.0698995207475872	0.11847797304115865	0.006165758344264305	-0.015552570241796682	0.9998600406971535	0.9949365705067155	-0.10020988439477571	-0.007694136593581091	0.1003155226890392	0.994844760064835	0.0148559509680532
45														9.85657670634152	-0.06711371292788403	0.13866490422517835	0.006170885820795391	-0.015559848884068583	0.9998598958208552	0.9949374089102635	-0.10020112195948971	-0.007699838244443813	0.1003068916830635	0.9948455288439328	0.014862746049022824
46														9.856571610846256	-0.06723341277443215	0.1389687706820897	0.006162292031356376	-0.015566838786918558	0.9998598400211411	0.9949382799347049	-0.10019308503256014	-0.0076918679284452285	0.10029878003989245	0.9948462289428652	0.01487062475718448
47														9.861755948945438	-0.06931475614192623	0.17335070583660225	0.006167419135625241	-0.0155741183334695	0.9998596950469305	0.9949391182070555	-0.10018432258570059	-0.00769756905858604	0.10029014908042039	0.9948469974554779	0.014877420853349754
48														9.870548992856213	-0.07048024543692534	0.11971973758440602	0.006170206428224967	-0.015567907228100586	0.999859774577001	0.9949391391380182	-0.10018394988987653	-0.0076997140052856294	0.10028976998644262	0.9948471322012247	0.014870964564091427
49														9.836853459501384	-0.08829515409491284	0.15896228460145823	0.006142993331497648	-0.015555588741402782	0.9998601338646516	0.9949394796376492	-0.10018274187996201	-0.007671381086754081	0.10028806255629075	0.9948474465405852	0.014861447452528764
50														9.856023127209138	-0.09336157978353105	0.17349537540381693	0.006173824862497901	-0.015570698009116035	0.9998597087842258	0.9949390184833994	-0.10018484876827483	-0.0077036080227771975	0.10029074426814216	0.9948469980056167	0.01487337128412014
51														9.856551281086501	-0.06805542023722229	0.14000670482471217	0.006197710331147743	-0.015532821751529757	0.9998601501385511	0.9949387354935082	-0.1001861202418744	-0.007723595371264047	0.10029207845702232	0.9948474620560257	0.014833281479652405
52														9.842561050971458	-0.06524207625876144	0.15988421067907277	0.006180229567340267	-0.015541707299953245	0.9998601202651789	0.9949379420465947	-0.10019525990221395	-0.007707228374409125	0.10030102810331742	0.9948464028317794	0.014843804569150965
53														9.84255721136227	-0.06524404359597846	0.16011958019966888	0.006172337825292029	-0.015530679342692255	0.9998603403700566	0.9949391459206512	-0.10018400646203829	-0.007698101317839212	0.10028957154388446	0.9948477083696625	0.014833711308210873
54														9.84255464877524	-0.06524535466540135	0.16027649379957717	0.006154572962180471	-0.015523800762069828	0.9998605566985592	0.9949354457292708	-0.10022211230453937	-0.007680301863417616	0.10032736447824259	0.9948439776241879	0.014828355328020237
55														9.845635477765569	-0.09002266387618481	0.1060819820679232	0.006156265686578288	-0.015516358668580255	0.9998606617956649	0.9949346774841776	-0.10022965815201612	-0.007681351846271611	0.10033487894173437	0.9948433335155836	0.014820722902393946
56														9.861721121916057	-0.07036436476793027	0.17490214980606078	0.0061602321271825855	-0.015511452605940168	0.9998607134887305	0.9949354684182428	-0.10022155102496674	-0.007684685648895295	0.10032679215200485	0.9948442267753299	0.01481550634587836
57														9.85081199781613	-0.09222768682590603	0.1405599811396865	0.006150904167090521	-0.015516288582823556	0.9998606958804523	0.994936861313525	-0.10020841149277418	-0.007675693173072873	0.10031355031858652	0.9948454749631774	0.014821355126000912
58														9.84253582716752	-0.06573154591034636	0.16123090686118313	0.006170249038220332	-0.015542724011895048	0.9998601661017892	0.9949385360390206	-0.10019012293442803	-0.007697322321156719	0.10029575031544419	0.9948469043006947	0.01484585706477809
59														9.85079815094945	-0.09251835842875841	0.14133723928546238	0.006141599595417713	-0.01554626435250367	0.9998602874497478	0.994939065564439	-0.10018702694766998	-0.007669122840866016	0.10029225577366879	0.9948471607719798	0.014852277123729718
60														9.861694724152633	-0.07077565680326332	0.17621967318983434	0.0061464339850586525	-0.015554894965742638	0.9998601235132207	0.9949391040621562	-0.1001862108875761	-0.007674787031890229	0.10029157769853886	0.9948471080475612	0.014860385329563353
61														9.875680321522205	-0.07390614067806194	0.15674982957293987	0.006146691379840086	-0.015563315069953787	0.9998599909032841	0.994938524862821	-0.1001918718811699	-0.007675972429746436	0.10029730768508188	0.9948464062522324	0.0148686932224531
62														9.817618871783305	-0.08490512416745435	0.14777031432522486	0.006134206648994001	-0.01557097584666789	0.9998599483027458	0.9949404161250542	-0.10017400207471344	-0.00766405044598939	0.10027930928008433	0.9948480859003134	0.014877705158773902
63														9.783906323760045	-0.102785191848639	0.18700613162594212	0.006137333284683466	-0.015547664703758401	0.9998602918720259	0.9949394591486151	-0.10018343650456468	-0.007664964396347784	0.10028861236059733	0.9948475004604453	0.014854125971947907
64														9.994333504759805	-0.1026257352216961	0.15489437178782126	0.006116664644255254	-0.015489847764414644	0.9998613158982923	0.9949415919598651	-0.10016428886353548	-0.007638312957138016	0.10026871397399434	0.9948503303777394	0.014798822429634206
65														9.928005233322493	-0.08680995426766282	0.16602326428836645	0.006104472179370379	-0.015526407806987441	0.9998608233549418	0.9949433612319323	-0.1001473775060584	-0.0076295949540777785	0.10025189953270491	0.9948514630030302	0.014836549491519191
66														9.712943974759703	-0.05946456579965225	0.13070807059417897	0.006116855893698758	-0.015524995364616934	0.9998607696039005	0.9949411422608508	-0.10016846753347794	-0.007642090595360307	0.10027316445913559	0.9948493617784167	0.014833740540671436
67														9.790162792513279	-0.05356641662650661	0.15464241308089266	0.006096358597974583	-0.015547983882055416	0.9998605375796406	0.9949398883402178	-0.10018228421124828	-0.007624206173181047	0.10028685358210915	0.9948476115101346	0.014858562217811733
68														9.981417277694325	-0.048588706126430535	0.1087248034814064	0.00610974206661441	-0.015541435655624936	0.9998605576927424	0.9949440145892174	-0.10014037972083303	-0.007636241382940279	0.10024509406933896	0.994851932765439	0.014851026493140407
69														9.760089216274594	-0.07069767285550517	0.10630534992145485	0.006110003632460614	-0.015549853760141286	0.9998604252112644	0.9949434355732809	-0.10014604169926528	-0.007637430301247028	0.10025082476093994	0.9948512312803399	0.014859332244218038
70														9.869917027185164	-0.09842195007547057	0.15833172731546516	0.006112289948345451	-0.01556018634308548	0.9998602504913154	0.99494485049775	-0.10013174722696608	-0.007640527814573972	0.10023664190104165	0.9948525085650857	0.014869493002752643
71														9.875079995477424	-0.100530733699582	0.1927368987408313	0.006112552306177854	-0.015568603747017629	0.9998601178573299	0.9949442714992597	-0.10013740941642851	-0.0076417174885445305	0.10024237285256371	0.9948518069605823	0.01487779796047406
72														9.870461522989384	-0.07297737759903089	0.1253049250864452	0.006105669271225356	-0.015560474923139223	0.9998602864515209	0.9949462531008864	-0.10011832512954541	-0.007633767992418328	0.1002231222984889	0.9948538548919743	0.014870546840017707
73														9.847075006659363	-0.09479713005593522	0.2326894185691969	0.006107365945673127	-0.015553028882977216	0.9998603919416806	0.9949454853408766	-0.10012587419139413	-0.007634822670972874	0.10023064043002877	0.9948532115895163	0.014862910516177164
74														9.869898347311196	-0.09876446228219603	0.15928004673204396	0.006080321190190974	-0.015558722402939651	0.9998604681911438	0.9949474576525046	-0.10010829893422593	-0.007608218931788924	0.10021270480853461	0.9948548912488115	0.014871420687802173
75														9.831564717487772	-0.08882473853931248	0.1309185412475277	0.0060626941059839234	-0.015549982779452132	0.9998607111871818	0.9949458263797741	-0.10012588815607942	-0.007590065245147604	0.10022996712384274	0.9948532578006245	0.014864357834712905
76														9.894783358247173	-0.07996254955582946	0.17439230615093684	0.006074976735347071	-0.015526302597845432	0.9998610046327967	0.9949450881318456	-0.10013246938553408	-0.007600011649308014	0.10023655151679717	0.9948529652679312	0.014839516084605098
77														9.836725496877778	-0.09114213833485468	0.16515338819743536	0.006091124913955137	-0.015521296437654653	0.9998609841143808	0.9949437669091431	-0.10014440045775785	-0.007615756403801799	0.1002486852079787	0.9948518424438142	0.01483282509237216
78														9.82844806843746	-0.06461824639817132	0.18558993626456058	0.006084611122069816	-0.015512360722223784	0.9998611624482256	0.9949456631848375	-0.10012614056489669	-0.007608106549123306	0.10023025898987514	0.9948538197345389	0.01482472739784424
79														9.895334354554251	-0.05465770741131535	0.14119031743951208	0.006057401067650403	-0.015500033009155423	0.9998615188459958	0.9949460016153124	-0.10012492627255146	-0.007579776290870699	0.10022854763992717	0.9948541340898334	0.014815199032062631
80														9.829004448301426	-0.03881048991285175	0.15230116641537683	0.006045916265940754	-0.015492802535884698	0.9998617004196584	0.9949464514182842	-0.100121379784883	-0.0075675702927931465	0.10022477591229811	0.9948546036379169	0.014809183426992834
81														9.764662104806158	-0.09916476878748932	0.17614109958266141	0.006039464263973282	-0.015465902087984651	0.9998621558715031	0.9949474641265816	-0.10011201484040544	-0.007558314142701861	0.10021511113344889	0.9948559646286492	0.014783137126847312
82														9.89533545605573	-0.05470182337306371	0.14109610928124516	0.006049126438293695	-0.01538174733050901	0.9998633956288197	0.9949459387521525	-0.10012706756278089	-0.007559715727187277	0.10022967140488442	0.9948557544641025	0.014698325745818919
83														10.005161425503955	-0.08237971426854561	0.19257865759932974	0.006041240877586729	-0.015370712004205644	0.9998636130098659	0.9949471404526171	-0.10011581392530577	-0.007550596481980809	0.10021821747476417	0.9948570575789053	0.014688222207726698
84														9.811825290516259	-0.11020498623992041	0.15079862315032408	0.006018142208537025	-0.015427217871268606	0.9998628820558897	0.9949458083151344	-0.10013034021103509	-0.007533490914974295	0.10023283135031885	0.9948547210110503	0.014746647128203838
85														9.80926643310488	-0.05983977949706339	0.17220937082117943	0.006016969967118813	-0.015451500050119193	0.9998625141581297	0.9949454183275919	-0.10013411562995769	-0.007534814924047728	0.10023677279994686	0.9948539641742438	0.014770895214725244
86														9.875589012351105	-0.07569286967758306	0.1615756160237726	0.006005284619046036	-0.015444600481544501	0.9998626910094259	0.9949457601408529	-0.10013164830972868	-0.007522458675068511	0.10023408070305001	0.9948543196482303	0.01476522071870795
87														9.865264584126752	-0.07187084594286809	0.09356506881203648	0.006011852076965418	-0.015436003850300306	0.9998627842957943	0.9949464092162212	-0.10012477990352969	-0.007528030088767013	0.1002272439127822	0.9948551443473583	0.01475606123748524
88														9.837256003964425	-0.06615912836006173	0.13337198900662744	0.006023043033319575	-0.015450058563504065	0.9998624998683588	0.9949452412018231	-0.10013543006323286	-0.007540733114109577	0.10023816619664194	0.9948538542602308	0.014768842239617053
89														9.822681015925436	-0.08893282220126864	0.18698312874931772	0.005995833794328775	-0.015437726035753607	0.9998628538914502	0.9949455779737111	-0.10013421327995708	-0.007512403168214887	0.10023645468425402	0.994854168180266	0.014759309153290157
90														9.870419257861869	-0.07405009098232399	0.12797646195437587	0.005994086159165746	-0.01536500034001742	0.9998639845977392	0.9949458476675324	-0.10013221284940643	-0.00750334318934337	0.10023388219685192	0.9948554953933926	0.01468714217658329
91														9.86469398046907	-0.09791533434430343	0.12722602138162764	0.006006959877532025	-0.015339386457641047	0.999864300620906	0.9949477245903917	-0.10011281465945401	-0.007513299765393	0.10021447882133883	0.9948578428921719	0.014660513991756441
92														9.822685903619988	-0.08913397343365591	0.18663024956597946	0.005994184758220389	-0.01533089298816076	0.9998645075555339	0.9949459316733305	-0.10013162761417196	-0.007500013201695188	0.10023304243498316	0.9948560804817563	0.014653202131429066
93														9.884421994479478	-0.0773441197607003	0.1079382005327992	0.006000177509832061	-0.015275840139638452	0.9998653142188096	0.9949445965898389	-0.10014484485135644	-0.007500651063793384	0.10024593551128919	0.994855596937428	0.014597727759500634
94														9.856418954250788	-0.0714606334029998	0.14742910803725082	0.005983743701814703	-0.015269700968728206	0.9998655064775647	0.9949438244836528	-0.10015377504810294	-0.007483813563734731	0.10025458060933545	0.99485479220635	0.014593200159891129
95														9.881309202897114	-0.05263632829940114	0.16223710304074482	0.005973852190892026	-0.015228072803556647	0.9998662004931915	0.994943230215161	-0.10016071721746217	-0.007469897958140681	0.10026106791283862	0.9948547313679386	0.014552722625131409
96														9.816958550229721	-0.1130330341130319	0.18600545069608235	0.005976247447017802	-0.01522362248553788	0.9998662539484318	0.9949418431741214	-0.10017433506255241	-0.007472034265012806	0.10027468856961891	0.9948534283567572	0.014547952401373743
97														9.889582213758649	-0.07940253498083465	0.14196633970690803	0.005951903365768896	-0.015179553448598948	0.9998670691664099	0.994941800459594	-0.1001768889887687	-0.007443427352621712	0.10027656029474874	0.994853844576998	0.014506529075577201
98														9.856421313488788	-0.0714592934137126	0.14727194616064243	0.005947265238774091	-0.015138923918848135	0.9998677127594228	0.9949417160503538	-0.10017837105967933	-0.00743475854395137	0.10027767298335821	0.9948543144372493	0.014466559599094264
99														9.831528698830173	-0.09026272154440797	0.1326287868134582	0.005926762616457859	-0.015161906160811423	0.9998674862632846	0.9949404594631737	-0.10019217666268992	-0.007416863137603924	0.10029135360587066	0.9948525741722558	0.014491378634869267
100														9.870985231447502	-0.04888760519917145	0.09430967734260513	0.0059513576443889216	-0.015142166317414829	0.9998676393110267	0.9949424189785742	-0.1001710709474718	-0.007439049825155253	0.10027045556520198	0.9948550001605527	0.014469429715594784
101														9.856981346189412	-0.04613399623760116	0.11415302866909995	0.00594834396076821	-0.01512997320254228	0.9998678418246161	0.9949450376525821	-0.10014539894011404	-0.007434455032350962	0.10024464701233193	0.9948577702274916	0.014457792478701825
102														9.83724687184196	-0.06694068580576146	0.1336552480158547	0.005934636076996236	-0.015138523805925952	0.9998677938565739	0.9949446492037405	-0.10015020104482053	-0.007421741812326632	0.10024931478808435	0.9948571567454598	0.014467638261310423
103														9.861561536626299	-0.0739428291248299	0.18226878963261092	0.005946074900067155	-0.015128773838638865	0.9998678734690011	0.9949467159753181	-0.10012891771591667	-0.007431837388490015	0.10022812261642222	0.9948594473789645	0.01445694980308554
104														9.85639893048504	-0.07217660841998798	0.14841574710055727	0.0059473678389186935	-0.015139200025241828	0.999867707968601	0.9949473088989128	-0.10012285929375947	-0.007434081090000433	0.10022215987793948	0.9948598985130706	0.014467238850692399
105														9.850664013763694	-0.09605035012014519	0.14816506146815478	0.005949060552947416	-0.01513174503005904	0.9998678107484418	0.9949465410089215	-0.10013041199896788	-0.0074351279275267634	0.10022968229481272	0.9948592517965854	0.014459595492912758
106														9.878669096386988	-0.10208436077165782	0.10876622996896006	0.0059419787790098155	-0.015122631751710913	0.9998679907353234	0.9949478821026346	-0.10011768989103112	-0.007426982588238873	0.10021678895111569	0.9948606707372576	0.014451333244446807
107														9.86212151115696	-0.04873714473958409	0.1492955072357556	0.005936959928147301	-0.015079854045222219	0.9998686666301659	0.994948704430141	-0.10011021366017409	-0.007417592176571841	0.10020892205584903	0.994862072411492	0.014409330918390695
108														9.856392181039297	-0.07234140529790418	0.14878328623557735	0.005896502489688371	-0.01506701952132572	0.9998690995230992	0.9949503751624397	-0.10009669213364764	-0.0073758516811621155	0.10019472153017756	0.9948636274116396	0.014400716330947139
109														9.850661261707286	-0.09590264904742453	0.14844343970551166	0.005878868529600345	-0.015058269365202936	0.9998693351776204	0.9949487408672396	-0.10011427252665017	-0.007357681914457959	0.10021198506918422	0.994861990911395	0.014393647498427586
110														9.87612281059372	-0.05149171845976874	0.12981959650825076	0.005885673175649475	-0.015052528356758244	0.9998693815900846	0.9949482921780437	-0.10011827179121402	-0.0073639354651385824	0.10021604034915554	0.9948616753316059	0.014387223954844208
111														9.845501157227991	-0.09416530496774266	0.11460926282583146	0.005883924422131925	-0.015030355837505671	0.999869725432665	0.9949459177802203	-0.1001421311015141	-0.007360317311262632	0.10023971331697806	0.9948596091820421	0.014365162452437852
112														9.851228468736064	-0.07058442738917658	0.11527111614981676	0.005889591528306204	-0.015039145469228798	0.9998695599002829	0.994946179585391	-0.10013905374394272	-0.007366793312067077	0.10023678187204871	0.9948597861099941	0.014373362206255236
113														9.876113865829751	-0.051998270378475306	0.13029729433532056	0.005901031763804299	-0.015029395477366536	0.9998696390508657	0.9949482464276473	-0.10011777258880297	-0.00737689246276424	0.10021559137515984	0.9948620753066442	0.014362672518905606
114														9.818056299811097	-0.0630929395321909	0.12118950107381471	0.0059012887147923965	-0.015038972771060699	0.9998694935287786	0.9949466979870321	-0.10013305361986691	-0.007378328907192366	0.1002309480959176	0.9948603926535383	0.014372062240379069
115														9.8372109542052	-0.06816532372265949	0.1356647446993333	0.005904412055756814	-0.015015651443027356	0.9998698255923204	0.9949457408677378	-0.10014249657065666	-0.007379235037893117	0.10024026460172725	0.994859794439567	0.014348475885549217
116														9.855782857616916	-0.09882695973078386	0.1838107821266689	0.005883805861788438	-0.015040933883487317	0.9998695670618708	0.9949430252615721	-0.10017076541659989	-0.007361673668595026	0.10026842629627308	0.9948565665782001	0.014375486924058156
117														9.86150987985231	-0.07515292657644132	0.18455437450002948	0.00588692896912435	-0.015017614897740839	0.9998698991919375	0.9949420678236711	-0.10018020815523959	-0.00736257894559289	0.10027774300446585	0.9948559680359543	0.0143519030506159
118														9.864630732788086	-0.10013484252503532	0.1303638519176317	0.005908177454555685	-0.01502793679181591	0.9998696187778418	0.9949443308735696	-0.10015612286091122	-0.007384410336316982	0.1002540368349849	0.9948582372223951	0.014360220368720977
119														9.856350411312667	-0.07370111207307864	0.15086843125755076	0.005914742893067815	-0.0150193330458957	0.9998697092378412	0.9949449803506243	-0.10014925983641457	-0.0073899816856516365	0.10024720390916064	0.9948590580524835	0.014351052899364669
120														9.86977060176966	-0.10249505723682042	0.1647451410208344	0.005913245613747287	-0.01499298426593293	0.9998701135393102	0.9949464172080003	-0.10013530384314584	-0.007385648868244887	0.10023303054021482	0.9948608602950679	0.014325091332414164
121														9.842924782065223	-0.04530446537285057	0.13718100101811026	0.005914934035956554	-0.014985529329623881	0.9998702153109981	0.9949456492346802	-0.10014285733663578	-0.007386690289657605	0.10024055379102503	0.9948602123088277	0.014317448812669498
122														9.836598620315279	-0.09490241669061532	0.1705055666829566	0.005926114731551024	-0.014994234913341287	0.9998700185941932	0.9949479384209695	-0.10011925022843429	-0.007398348840058466	0.10021716916801993	0.9948624571532791	0.014325164951538072
123														9.842918501717584	-0.04549706533768972	0.13756734031531456	0.005890580941476209	-0.014968324792264565	0.9998706167845344	0.9949452488690917	-0.10014874002960358	-0.007360816755240029	0.10024596155952253	0.9948598791404729	0.014302729376261814
124														9.837181859011828	-0.0692243016666833	0.13722926328616974	0.005900857984472041	-0.014976333896352556	0.999870436255654	0.9949468469489285	-0.10013206861437687	-0.007371606432176436	0.10022949476791887	0.9948614367126862	0.01430979107244551
125														9.856331607312375	-0.07438837461338067	0.15175699552580993	0.0059122979037645185	-0.014966584426417406	0.9998705146588256	0.9949489133851533	-0.10011078942213306	-0.007381706779662323	0.10020830548013832	0.9948637249351718	0.014299102101706429
126														9.837174317827206	-0.06957826976333913	0.1375903238194094	0.005902189677661207	-0.014958415565890726	0.9998706966207014	0.9949518705184434	-0.10008222755422613	-0.007370419230573189	0.10017953637774141	0.9948667214916487	0.01429219925688724
127														9.881213395642629	-0.0558282678802383	0.16693731757556685	0.005912199174903876	-0.01496453171329204	0.9998705459665854	0.9949541249680316	-0.10005905794344619	-0.007380659358623254	0.10015655300585291	0.9948689600716627	0.014297453476539934
128														9.837164593795528	-0.06991126384901096	0.13811578779840417	0.005917997307842593	-0.014973868334143603	0.9998703718857642	0.9949549514258373	-0.10005035397750056	-0.007387239145086155	0.10014800018509717	0.9948696949531073	0.014306226715567194
129														9.856312288004663	-0.07491482440812687	0.15274954242150088	0.005898924130901817	-0.014980988366141923	0.9998703779398971	0.9949535079106794	-0.10006603823425966	-0.00736919862227986	0.10016346534706544	0.9948680103308551	0.014315104959238212
130														9.85056887212378	-0.09883783926022509	0.15259117245342982	0.0059286740247301295	-0.014995885866491976	0.9998699786629198	0.9949519120013515	-0.10007959608697106	-0.007400489978624913	0.10017756050714899	0.9948664221161292	0.014326846013293926
131														9.848026675084325	-0.04851291586193867	0.1735316210424182	0.0058931385621687205	-0.014969975842899386	0.9998705769954181	0.9949492239081867	-0.10010908403628974	-0.007362957144527393	0.10020635090843372	0.994863845516902	0.014304409143259422
132														9.850562594060454	-0.09894077104672311	0.15292932801100823	0.005904499643951455	-0.014977156576629846	0.9998704024346522	0.9949530689612467	-0.10007001795313833	-0.00737442007582817	0.10016749696658478	0.9948676677265864	0.014310704514856498
133														9.8754428723226	-0.08036004693386885	0.16812135098666092	0.005908201051864015	-0.015000286770823212	0.9998700338329598	0.994954096125044	-0.10005937366514597	-0.00738026732142405	0.10015707545814095	0.9948683898579409	0.014333425868943539
134														9.837135933958674	-0.07059792957297693	0.13979750108767425	0.005896437409333821	-0.014992324429203785	0.9998702226959695	0.9949542731459868	-0.1000585357780282	-0.007367751794014388	0.10015601017621933	0.9948685941500851	0.014326688361742612
135														9.864558483183814	-0.10230432003481481	0.13409312216885794	0.005896693263788333	-0.01500073596940088	0.9998700950268139	0.9949536948464335	-0.10006419925525681	-0.007368930643937621	0.10016173980110221	0.9948678977370721	0.01433498978847636
136														9.856880230970031	-0.049927055028221846	0.12107818784877544	0.005869996756070639	-0.015005070555861033	0.9998701870721509	0.9949564784609761	-0.10003846614939918	-0.007342428686034408	0.10013565352369608	0.994870420279993	0.014342166687538682
137														9.856271424606962	-0.07570202524957757	0.15498189846137647	0.005889583755150141	-0.015014773101970635	0.9998699262363522	0.9949567656323387	-0.10003411058519182	-0.00736282838763852	0.10013164996956397	0.9948707118556293	0.014349890809576715
138														9.851134055638367	-0.07399045917070278	0.12105847914141635	0.005893505893352524	-0.014993589704634547	0.9998702210067334	0.9949562698675805	-0.1000389052246157	-0.007364678720121365	0.10013634524724413	0.9948705492219725	0.014328386206942378
139														9.850523749372352	-0.0997643297251056	0.15488389950177217	0.00588276030592777	-0.015014274144095285	0.9998699738981608	0.9949578472965639	-0.10002386570343477	-0.007355840722065965	0.1001213025992479	0.9948717494540023	0.014350153454323833
140														9.881143784007314	-0.05732032028827056	0.1705137124922685	0.00588002990108627	-0.0150099313443941	0.9998700551618691	0.9949553583574466	-0.10004882582925895	-0.0073530487549025025	0.10014619375776435	0.9948693051910003	0.014345921532237627
141														9.850514084768896	-0.0999409783130242	0.15538382601696554	0.005876841013387868	-0.01500362296053992	0.9998701685907834	0.994953174484325	-0.10007079767005223	-0.007349560343588246	0.10016807536969013	0.9948671905092346	0.014339802125365342
142														9.84223131061129	-0.07331237562042521	0.1758853430829757	0.0058679111174942955	-0.015011383920890187	0.999870104549534	0.9949538528461829	-0.10006465455386024	-0.007341363330626072	0.10016186063394	0.9948676913347803	0.0143484637697181
143														9.869651090514996	-0.10497121888981951	0.17025372843318326	0.005853718774953998	-0.015017353012248491	0.9998700981052534	0.994953824967788	-0.1000659217360666	-0.007327857059149123	0.10016296799951407	0.9948674737951868	0.014355815055628718
144														9.831965303570735	-0.06943486789844204	0.10832968388417362	0.0058409841292396125	-0.015025305477379458	0.9998700531067595	0.9949549974687366	-0.10005514329758441	-0.0073158261110263245	0.10015206396469761	0.9948684377821079	0.014365082269163054
145														9.856236397624142	-0.07629726127537229	0.15690559379687402	0.005824778123317553	-0.015000687271943092	0.9998705172877054	0.9949531740714934	-0.10007461061520717	-0.007297514321704557	0.10017112041339526	0.994866851237684	0.01434206901186269
146														9.86197278742609	-0.0526241310717865	0.15757095990144201	0.00582521714356804	-0.015012049227654034	0.9998703442062966	0.9949515365128923	-0.10009075822044078	-0.007299322536609643	0.10018735866298939	0.9948650554205052	0.014353211044563052
147														9.8370813362603	-0.07147089308250003	0.14315552779145474	0.005804712272223844	-0.01503503806373796	0.9998701180382678	0.9949502804066327	-0.10010454744698441	-0.007281421509457486	0.10020102212153648	0.9948633208691822	0.014378037242369468
148														9.856220099589372	-0.07654976636212192	0.15780385410604997	0.005826703516658482	-0.015031103010593294	0.9998700492906132	0.9949509189556082	-0.10009664350139133	-0.007302795981383614	0.10019340495022266	0.9948641756049112	0.014371976288610866
149														9.85683208148628	-0.05113623321272951	0.12444649739343883	0.005831845105011613	-0.015038370239632615	0.9998699100399044	0.9949517573797328	-0.10008789191999817	-0.007308514075499428	0.10018477963070116	0.9948649462673547	0.014378755815484923
150														9.895114231355459	-0.06119310457638583	0.15340768903192417	0.005838651816555962	-0.015047987315300826	0.999869725625656	0.9949540869760027	-0.10006419087968715	-0.007315908237754076	0.10016124477418764	0.9948671849957427	0.014387816510269713
151														9.851081496389929	-0.07515045822872403	0.12457002917970476	0.005824463809714464	-0.01505396063815051	0.999869718458577	0.9949540588739989	-0.1000654565084379	-0.007302406720560317	0.1001623499698559	0.9948669673292316	0.014395171609021262
152														9.884244498986437	-0.08311413318389395	0.11930485935127798	0.005823152494257466	-0.015036059060033025	0.9998699954608958	0.9949509473015069	-0.10009658332633958	-0.007299758230749298	0.10019332991203983	0.9948641067675206	0.014377263536597795
