// Start Time: 1747398475.5038033
// Update Rate: 100Hz 
// Filter Profile: 46.1 human
// Option Flags: AHS Disabled ICC Disabled 
// Firmware Version: 4.0.2 
PacketCounter	SampleTimeFine	Year	Month	Day	Second	UTC_Nano	UTC_Year	UTC_Month	UTC_Day	UTC_Hour	UTC_Minute	UTC_Second	UTC_Valid	Acc_X	Acc_Y	Acc_Z	Mat[1][1]	Mat[2][1]	Mat[3][1]	Mat[1][2]	Mat[2][2]	Mat[3][2]	Mat[1][3]	Mat[2][3]	Mat[3][3]
0														9.767686607478751	-0.09456729351861354	0.10193964236296581	0.0005386336084345911	-0.014557088395058815	0.9998938948965006	0.8622283304307456	-0.5064591539929554	-0.007837827463570812	0.5065195120392152	0.8621410653217942	0.012278738101164366
1														9.7886246650381	-0.08426285644964501	0.12813865104105512	0.0005469167669360786	-0.014579471504316877	0.9998935642820713	0.8622141472633111	-0.5064830079152682	-0.00785665018335191	0.5065436458401696	0.8621266738152562	0.012293622541447224
2														9.814179575083774	-0.10485547791499057	0.13931516549774678	0.0005589733740663516	-0.01457183544983287	0.9998936689270469	0.8622420238685399	-0.5064354582378506	-0.007862500524863203	0.5064961794760671	0.8621547356774433	0.012281364952905216
3														9.763046431070721	-0.06325712341166852	0.11902997189763195	0.0005407508437941244	-0.014594393588377719	0.9998933499450392	0.8622393960055632	-0.5064399978481661	-0.007858279424368342	0.5065006728174078	0.8621516874978192	0.012310003256542745
4														9.814580999356826	-0.0660318084868534	0.10205452986133298	0.0005552649188179659	-0.014594901024455098	0.9998933345837233	0.8622260829805688	-0.5064624599271729	-0.007871372974483037	0.506523319807545	0.8621384839737781	0.012302883505109219
5														9.788592617949451	-0.08360759108462609	0.13098435980744288	0.0005501027042519868	-0.014601838016977342	0.9998932361575116	0.862223754555049	-0.5064664376089486	-0.007870492786104577	0.5065272889667544	0.8621360298132932	0.012311443041461312
6														9.788584422302804	-0.08338032207214618	0.1317395206988688	0.0005438135628387797	-0.014611254019589515	0.9998931020478059	0.862222337549333	-0.5064688595601862	-0.007869874634869933	0.5065297078136415	0.8621344474916772	0.01232272496031328
7														9.8127356161797	-0.08073335545314973	0.1350975734710407	0.0005293068820070301	-0.014611534502063261	0.9998931057336677	0.8622148395403937	-0.5064818132392206	-0.00785769267944375	0.506542486185076	0.8621268328485121	0.012330197566776502
8														9.788571316144845	-0.08284792720671816	0.13304263587229487	0.0005502217090437855	-0.014588674147099467	0.9998934282425808	0.8622072144320201	-0.5064946906996614	-0.00786432924231617	0.5065554428070514	0.8621196546185945	0.012299775724288642
9														9.795030771256066	-0.09791524180428889	0.08767359970169324	0.0005316191465281062	-0.014580168929485271	0.9998935623630503	0.8622167429794896	-0.5064787889722584	-0.007843752101880153	0.5065392437974814	0.8621291405556262	0.012302011944943514
10														9.81271411954885	-0.08005745566279865	0.13704725289484573	0.0005443944957045921	-0.014633414104352704	0.9998927776648278	0.8622058543631866	-0.5064967312349633	-0.007882001658565507	0.506557764066924	0.8621176975564002	0.012341281277517047
11														9.788543945188747	-0.0823940847136506	0.13531894489908722	0.000541868456154837	-0.014639272678154291	0.9998926932796497	0.862214625726675	-0.506481790541613	-0.007882577799946777	0.5065428368475728	0.8621263756232127	0.012347748507194167
12														9.817769836017954	-0.07201947514784483	0.08476356488459777	0.000530337213389076	-0.01461964755108075	0.9998929865980271	0.8622005987950809	-0.5065059724046973	-0.007863037312394072	0.506566724311659	0.8621125018371176	0.012336449906744873
13														9.791770337480354	-0.08942904768367796	0.11374224944046889	0.0005147614103865883	-0.014641113169782505	0.999892680654199	0.8622090718102575	-0.5064915917817835	-0.007860276232376617	0.5065523186293637	0.8621205862636067	0.012362978270252567
14														9.791762089893304	-0.08924812588689934	0.11459107926079178	0.0005185988028018063	-0.014658052517469433	0.999892430490239	0.8622262747578279	-0.5064621276581351	-0.007871744738878528	0.5065230322231369	0.8621376077775464	0.012375907364274241
15														9.814510719486076	-0.0637191897147403	0.1099760049568167	0.0005332286276704679	-0.01465706721079435	0.9998924372391308	0.8622183182185763	-0.5064754815797399	-0.007884052695184496	0.5065365607688753	0.8621297796383958	0.012367524614516234
16														9.787104251653158	-0.05826995891159039	0.13078592983757586	0.0005506517764095054	-0.014635486979938883	0.9998927438998053	0.8621993217493575	-0.5065077486891514	-0.00788860525035373	0.5065688762227398	0.8621111894870105	0.012339797555993903
17														9.788496754527953	-0.08120855595928565	0.13938816144200109	0.000548527375174801	-0.014672371891406022	0.9998922045004645	0.8621959361466615	-0.5065132477179399	-0.007905540993922933	0.5065746409068465	0.8621073317106779	0.012372623036140784
18														9.791738670848616	-0.08870199345641226	0.1169909661838814	0.000570235426726573	-0.014619135629805713	0.9998929721250145	0.8622181938519196	-0.5064754955430116	-0.007896746494215512	0.5065367321550247	0.8621304154754648	0.01231607444807975
19														9.78848427261022	-0.08084009806015245	0.14047463293492735	0.0005707481194145991	-0.014654953571825835	0.9998924475074266	0.8622259050819778	-0.5064620806247631	-0.007915143384682355	0.5065236054244148	0.8621376880899266	0.012346818327330589
20														9.812630567187998	-0.07817699178472738	0.14394173182563497	0.0005396021202188073	-0.014641836888250437	0.9998926569597812	0.862206191533623	-0.5064961552981943	-0.007882128471053018	0.5065571953004306	0.8621178929129627	0.012350976021193283
21														9.812624220326022	-0.0778062864094253	0.14457374537879789	0.000547519269593566	-0.014633126807579888	0.9998927801631949	0.8622041651545514	-0.5064995664483176	-0.007884591163146215	0.5065606358697774	0.8621160367302654	0.012339424610058825
22														9.814470982778001	-0.062121006618832346	0.11434971330660651	0.0005270847781044252	-0.014625033313109492	0.9998929095569321	0.8621783510537675	-0.5065438345144746	-0.007863503645265446	0.5066045925135728	0.8620901647252236	0.012342395561387998
23														9.815865705702262	-0.08489701425720868	0.12300828938338748	0.0005313025964532869	-0.014638579941849084	0.9998927090917494	0.8621811935758483	-0.5065388342676534	-0.007873933127274857	0.5065997504556009	0.8620928728136277	0.012351982928668126
24														9.788902458626302	-0.04092428606677496	0.10508082734784605	0.0005357115694684667	-0.01460277986175379	0.9998932302168184	0.8621895576060006	-0.5065248233525859	-0.007859394556868737	0.506585510815581	0.8621017121824668	0.012319013100730414
25														9.814452904397804	-0.06140508550328352	0.11627195912539456	0.0005388684099095209	-0.014637527439545439	0.9998927204511958	0.862208366275131	-0.5064924978590428	-0.00787925997013561	0.5065534944564161	0.8621201148349132	0.012347665813005393
26														9.791691516177575	-0.08660212194347397	0.12238668674918156	0.0005162669698189903	-0.01463228009825046	0.9998928091788356	0.862207741247807	-0.5064939055947368	-0.007857132285109092	0.5065545818574458	0.8621193768698842	0.012354579098944551
27														9.812574919360237	-0.07620404743362401	0.1487141430920749	0.0005085060484719128	-0.014640213338772412	0.9998926970305334	0.862194319198321	-0.5065167897038283	-0.007854787729252521	0.5065774347162953	0.8621057973946835	0.012365141921324097
28														9.814430980143564	-0.06062541002031747	0.11850996739132001	0.0005172597804152246	-0.014633432999392071	0.9998927917936862	0.8622078586315989	-0.5064936834768613	-0.007858569332524379	0.506554381045345	0.8621194877954526	0.012355072119337895
29														9.791675715523807	-0.08577869639325483	0.12421688950656898	0.0005221686624705679	-0.01459473741684092	0.9998933548032118	0.8622068984936524	-0.5064955557899926	-0.00784322350462524	0.5065560102593245	0.8621190437548172	0.012319207175589597
30														9.788402641183435	-0.077796006802634	0.1476959284829829	0.0005172618515338345	-0.014601699174681793	0.9998932557135232	0.8621910623395334	-0.5065225176243472	-0.007842905158149893	0.5065829689813937	0.8621030852054208	0.012327449748071262
31														9.819087312200047	-0.09060745266168502	0.10523038402769562	0.0005188566856876298	-0.014616283594671653	0.9998930418007822	0.8621828061899408	-0.506536431917121	-0.007851869275008472	0.5065970188405965	0.8620946626644623	0.01233908859147742
32														9.766101471019088	-0.06441931617920466	0.11561128956937476	0.0005181638075868467	-0.014602496157750888	0.9998932436076525	0.8621909514913519	-0.5065226879733238	-0.007844089157895473	0.5065831567203026	0.8621029716189608	0.01232767833177073
33														9.794926846343756	-0.09242936484535781	0.10376286761969168	0.0005100287020591288	-0.014579392908928679	0.9998935849244814	0.8621896946004945	-0.50652511644913	-0.00782540292266154	0.506585304164491	0.8621019357991276	0.012311859971906924
34														9.790245767900737	-0.06139593597523037	0.11931863261790655	0.000516574814361348	-0.014573373114988353	0.9998936693201497	0.8621921867543516	-0.5065208352219674	-0.007827936240804023	0.5065810559527575	0.8621045529876826	0.012303392527973911
35														9.814390601393756	-0.05890748427723776	0.12264817350027568	0.0005275266249369914	-0.01459461145384322	0.9998933538293826	0.8621890955527275	-0.5065257832364978	-0.007848211683046835	0.5065863058015183	0.8621012865279598	0.012316109012458276
36														9.791632638120602	-0.08411161664147533	0.1286728122332844	0.0005057809243360634	-0.014588282459091939	0.9998934574246149	0.8621871762427393	-0.5065293891427726	-0.007826305464336769	0.50658959455187	0.8620992749965304	0.012321637156991971
37														9.791625798043894	-0.0839007018134892	0.12932923792126164	0.0005297843784722311	-0.014593918864632904	0.9998933627445903	0.8621843831020456	-0.5065337780080895	-0.007849921770088975	0.5065943237576369	0.8620966008917006	0.012314295250587637
38														9.814369133244835	-0.05832893377088059	0.12462653018981912	0.0005289625594489533	-0.014580240604683103	0.9998935627268137	0.8621934190416334	-0.5065185190928696	-0.007842064604750787	0.5065789458316536	0.862105797683716	0.012303058165133718
39														9.791614388077765	-0.08351869549843169	0.13043561738677723	0.0005369014562218721	-0.01457150205398755	0.999893685881013	0.8621913957970986	-0.5065219248421198	-0.007844531068581517	0.5065823810105108	0.8621039444186098	0.012291471335731774
40														9.793490938645094	-0.06800895583811184	0.10014639982937444	0.000548173269972807	-0.014572564319938586	0.9998936642839613	0.8621749387304929	-0.5065497715754731	-0.007855185669778997	0.5066103774412214	0.8620875647438473	0.012286422705000688
41														9.790198349104	-0.06016005111762549	0.12375649072795127	0.000543063762829088	-0.014579417979613929	0.9998935671625883	0.8621726176563405	-0.5065537357368498	-0.00785430930482034	0.5066143330437499	0.86208511956907	0.012294883985585314
42														9.843183641822689	-0.08591582978127883	0.11472596691594686	0.0005501186809624969	-0.01457128039929545	0.9998936819267146	0.8621627416678944	-0.5065705105517305	-0.00785650807028565	0.506631132333117	0.8620754001981985	0.012284141157588968
43														9.792989534005837	-0.10573356239402269	0.14089792319081268	0.0005289472503267612	-0.01456375463114501	0.9998938029940229	0.8621611928124066	-0.5065734877623342	-0.007834481769197876	0.5066337906447754	0.8620737779026499	0.012288353411174902
44														9.815728862689122	-0.08012633740288558	0.13639928095156095	0.0005492695982050599	-0.014593591480978385	0.999893357008934	0.8621714605048858	-0.5065555103673076	-0.007866867698736124	0.5066162956259711	0.8620838369927856	0.012303942539518775
45														9.788276862077993	-0.07466951281673757	0.15733115068410058	0.0005411504224425712	-0.014570469905012984	0.9998936986314935	0.8621702116597303	-0.506557925728041	-0.00784818505903534	0.5066184296715199	0.8620828088350052	0.012288101086487424
46														9.794860568029451	-0.08980122532366391	0.11200013419156268	0.0005583361856250635	-0.014570256033170303	0.9998936922992524	0.8621782288658622	-0.5065440549981192	-0.007862697742355429	0.5066047669835224	0.8620909627093829	0.01227933566528222
47														9.79485497126621	-0.08959042220600263	0.11265661738989881	0.0005438847781217282	-0.01457042954218507	0.9998936977360667	0.8621707466073785	-0.5065569792287128	-0.00785050884703925	0.5066175163610357	0.8620833656773792	0.012286689486522062
48														9.814300298251444	-0.05616057116423741	0.13088602801648686	0.0005557000683576452	-0.014540665648254736	0.9998941245151608	0.8621640010992536	-0.5065685333312108	-0.007845778941091563	0.5066289829904725	0.8620770789675201	0.012254938305345853
49														9.81569663786609	-0.07895878398075834	0.13936685483651895	0.0005506077803434928	-0.014547500638710409	0.9998940279130779	0.8621616811790318	-0.5065724952319333	-0.007844907968780013	0.5066329364911226	0.8620746355737767	0.012263374850440933
50														9.78963739818424	-0.0964649934241671	0.1684083303205114	0.0005317916103899645	-0.01457127506968614	0.9998936919195591	0.862155500986741	-0.5065830758014682	-0.00784088195453675	0.5066434735748446	0.8620680166056311	0.012293308328044095
51														9.794836028897944	-0.08850092056422981	0.11513719324418147	0.0005524224836673253	-0.014515926531628531	0.9998944857865393	0.8621659509655388	-0.5065654530806531	-0.007830372971990962	0.5066256683440817	0.8620793058774354	0.012235299456556492
52														9.820883728237659	-0.07052391516987483	0.08739675100492907	0.0005526484612840554	-0.014532923419187438	0.9998942387655659	0.862159417400032	-0.5065764343004493	-0.007839336698987565	0.506636786631326	0.8620725667531328	0.012249738101267005
53														9.8156664013235	-0.0780714512200088	0.14197197260037156	0.0005569172874312356	-0.014546417427083125	0.9998940401778441	0.8621622598606995	-0.5065714348017862	-0.007849784376106839	0.5066319448228928	0.8620752769815968	0.01225925373245107
54														9.790106025227587	-0.057290841570901654	0.13213777240297522	0.0005566205308498717	-0.014562850483601897	0.9998938011405899	0.862149311500169	-0.506593341726206	-0.007858167627425139	0.506653979411363	0.8620621262440824	0.01227337126312067
55														9.818958591498776	-0.08542459250522086	0.1204723347935015	0.000557873344093851	-0.014546379157752198	0.999894040201626	0.8621532295879804	-0.5065867877570449	-0.007850807666330673	0.5066473107481643	0.8620662557619325	0.012258596504307606
56														9.817552060004589	-0.06214097787947932	0.11307632763821027	0.0005676361063521318	-0.014538451575378863	0.9998941500054105	0.8621643447803184	-0.5065678064478838	-0.00785493858060149	0.5066283848924934	0.8620775434358391	0.012246988399351455
57														9.796710131583415	-0.07210725365654964	0.08822280420524313	0.0005655721640985267	-0.014575226364315186	0.9998936157934786	0.8621609508699729	-0.5065733198842615	-0.007871872485128606	0.5066341628069624	0.8620736826732776	0.012279687252601534
58														9.820852874520352	-0.06962332627170294	0.0914897715030306	0.0005993836686274956	-0.01453658827322013	0.9998941585690921	0.8621601511444711	-0.5065745318302639	-0.007881464298712226	0.506635484858454	0.8620736229013877	0.01222923464144271
59														9.79287013814062	-0.10263359437805297	0.15111801516624923	0.0005946717810155211	-0.014574393892004045	0.9998936110447725	0.8621456573639636	-0.5065989581065518	-0.007896906597925635	0.5066601541999656	0.8620586306557334	0.012263990298025385
60														9.791460980208129	-0.07936810506936981	0.14385310323989595	0.0005977452358788549	-0.014537614472729943	0.9998941446303581	0.862140860303443	-0.506607368919745	-0.007881037460435725	0.5066683132936897	0.8620543089165877	0.012230649307046315
61														9.817520614415034	-0.06132500687261848	0.11620868694913074	0.0005953207062045496	-0.01454338734292382	0.9998940621275086	0.862149643121346	-0.5065924123973387	-0.007881660179188787	0.5066533711118403	0.8620630009378886	0.012236991254771012
62														9.791448393085664	-0.07883176529194928	0.14500022270467525	0.000597976197863892	-0.01452839693411917	0.9998942784649739	0.8621752338774502	-0.5065489501057403	-0.007875737116961434	0.5066098188081535	0.8620887928916001	0.012223119809322391
63														9.743151721353392	-0.083349450069148	0.14003915657186547	0.0006096282689284638	-0.014497365783387672	0.9998947218276113	0.862168354060616	-0.5065607454003054	-0.00787022718191871	0.5066215131730805	0.8620823844649821	0.012190356245352585
64														9.897997788510276	-0.09173061541980193	0.0876642295808102	0.0006247524849741781	-0.014445873838443146	0.9998954577421462	0.8621621558802877	-0.5065714948316017	-0.007857327276559967	0.5066320426623123	0.8620769323866172	0.012138203931913671
65														9.863875127332618	-0.07075387342848188	0.15430364565444368	0.0006092943936362727	-0.014467219932973785	0.9998951586580229	0.862170639632678	-0.5065570976929444	-0.007854612166098895	0.5066176239687294	0.8620850342769626	0.012164569863637675
66														9.700095299723518	-0.07962476688501771	0.08256159149912265	0.000589930669961658	-0.01449216745657017	0.9998948089995349	0.862172497847614	-0.5065539985017402	-0.00785051317469515	0.5066144845313957	0.8620864363184881	0.012195916475549129
67														9.763945621799325	-0.07211014038240755	0.16790985320723212	0.0006105813526114945	-0.014436815798558766	0.9998955973200458	0.8621829561511123	-0.5065363601503201	-0.007840023481790415	0.506596661371689	0.8620977289120211	0.012137894866682986
68														9.922654732103481	-0.049911023150539496	0.054046225895998515	0.0006207322468672616	-0.014459643672545486	0.999895261213064	0.8621772383969433	-0.5065457753337144	-0.007860475926260047	0.5066063800246685	0.8620918142497526	0.012152346352535093
69														9.697280239077362	-0.033010622115152564	0.06843059324378842	0.0006250257144763127	-0.014473107748196046	0.999895063741674	0.8621800802254715	-0.5065407759746205	-0.00787092989611854	0.5066015382973651	0.8620945258074311	0.012161824189036663
70														9.796127810413767	-0.10778499821362451	0.13468044910596008	0.0006289884141184032	-0.014487329682162431	0.9998948552984237	0.8621828667487805	-0.5065358689145653	-0.007881483859110583	0.5065967910068421	0.8620971701505852	0.012172122244018868
71														9.813592497151507	-0.08982553541986375	0.18400494174502796	0.0006239279126204478	-0.014494114949363701	0.9998947601351827	0.862180552038404	-0.5065398223292534	-0.007880614278187037	0.5066007366760464	0.8620947332088762	0.01218049969434537
72														9.799984231651806	-0.0765782922222581	0.07444325868411453	0.000600517982366211	-0.014488300530467402	0.9998948587356031	0.8621739085874949	-0.506551486751635	-0.007857647273216029	0.5066120712429925	0.8620879771911026	0.01218724142035471
73														9.813571519950349	-0.0892949117704098	0.18537680951913027	0.0006298743839251997	-0.01449182679388733	0.9998947895726015	0.8621933034960634	-0.5065180605018083	-0.007884274984572837	0.5065790270676495	0.8621075578729507	0.012175713265808852
74														9.818841313838186	-0.08156144621151737	0.13214291140643297	0.0006368600988846951	-0.014484897238866035	0.999894885556074	0.8621952696205694	-0.5065146753839173	-0.007886739797850317	0.5065756719909954	0.862109663194135	0.012166230894038843
75														9.793288090056425	-0.06069174549533315	0.12224660756555555	0.0006187641768357621	-0.014507248031278452	0.9998945728852882	0.8621926586026027	-0.5065191854812238	-0.007882524418857395	0.5065801383618092	0.8621066375420138	0.012194626822239485
76														9.842970775487126	-0.07855882971311108	0.1362446516870298	0.0006128299632970902	-0.014463911431229215	0.9998952043617102	0.8621869192852387	-0.5065293731550975	-0.007855593200635835	0.5065899136904188	0.8621013799995998	0.012160178860546489
77														9.79273867924823	-0.09833051568824432	0.1620989385072969	0.0006141138140245417	-0.014447409620198859	0.9998954421435722	0.8621908455195074	-0.5065228039603148	-0.007848246335158848	0.5065832298513051	0.8621055164093585	0.012145361664975485
78														9.774423905597958	-0.05440678875771674	0.06722241282695722	0.0006244686984572811	-0.014418830773352764	0.9998958482551938	0.8621849466790386	-0.5065329284744463	-0.007842836933436848	0.5065932567246703	0.8621000462186685	0.012115384882927016
79														9.798565123126542	-0.051720022696324246	0.07037792017223918	0.0006257544012802096	-0.014402328964166877	0.9998960852767836	0.8621888734562646	-0.5065263582028032	-0.007835491945135109	0.5065865719890789	0.8621041824316902	0.01210056668675169
80														9.770528223913901	-0.08447116631933928	0.12992252530033999	0.0006137495608647958	-0.01438078206054405	0.9998964028432168	0.862169666927965	-0.506559370771109	-0.007814685745478	0.5066192739531324	0.8620851448617508	0.012087773487940212
81														9.718889416207551	-0.08130322213622816	0.1478553767123904	0.0006347724302571689	-0.014356408445408142	0.9998967399689382	0.8621679488316569	-0.5065622052199314	-0.007820501910583921	0.5066221719105621	0.8620838855814836	0.01205608349988313
82														9.846302749253175	-0.08430034113431122	0.1158282633138401	0.0006365094164390572	-0.014288494052893619	0.9998977116652803	0.8621673014737683	-0.5065638137762394	-0.007787608227963927	0.5066232714011503	0.8620840687022191	0.011996639722211377
83														9.920131502964713	-0.099856570621723	0.1322666174582711	0.0006632155137582529	-0.014293044907714547	0.9998976292663405	0.8621755944762649	-0.5065493118955013	-0.007812740088669501	0.5066091239157476	0.862092514458547	0.011987163128052147
84														9.777220992171216	-0.0988815729634162	0.08594684833152055	0.0006380262765968703	-0.014340251345431099	0.9998969697492943	0.8621664966816314	-0.50656475927138	-0.007815156047860705	0.5066246390792635	0.862082653726242	0.01204048263681129
85														9.739644685522311	-0.07029554163018097	0.17588329818347329	0.0006329799966007799	-0.014347010894289636	0.9998968759900808	0.8621641830206994	-0.5065687105033487	-0.007814285330373538	0.5066285827433881	0.8620802194792394	0.012048831065811894
86														9.818775465915538	-0.07824577551763416	0.13886941134545622	0.0006400583378356473	-0.014339871243639835	0.9998969739018316	0.8621644638916046	-0.5065681942343583	-0.00781676356579375	0.5066280958729256	0.8620806416356056	0.01203909420664534
87														9.79994427149822	-0.07279524112411226	0.08300660372068226	0.0006350152832245715	-0.014346625975911353	0.9998968802225044	0.8621621506514017	-0.506572144711443	-0.007815893205439906	0.5066320388010809	0.8620782078938989	0.012047436852035354
88														9.793216279448806	-0.057143214320355414	0.12949456423704778	0.0006352394898971325	-0.014331603025272366	0.9998970955180926	0.8621658577676922	-0.5065659510718926	-0.0078083874346404625	0.5066257298741261	0.8620820972328307	0.012034428119111817
89														9.794616769795194	-0.07984917886539852	0.13787049375185595	0.0006375494071761412	-0.014293858628618927	0.999897634328764	0.8621538327620402	-0.5065866762297059	-0.007791541584525663	0.5066461903384625	0.8620705452989589	0.012000530966508993
90														9.773838471709608	-0.08955956835504571	0.11265172700877234	0.000625893566297997	-0.014273133077835287	0.9998979377563424	0.8621424770571289	-0.5066063133658246	-0.007771261910790861	0.5066655282442667	0.8620593488443997	0.011988392674909365
91														9.796569897621326	-0.06391715474570077	0.10791149724446054	0.0006629819923339442	-0.01426313165198212	0.9998980565689463	0.8621399677935313	-0.5066101692696925	-0.00779822579193834	0.5066697508119528	0.8620572483704383	0.01196094244371576
92														9.792641278853315	-0.09443212202779667	0.17010337933901357	0.0006539723010039467	-0.01424121669658257	0.9998983748697823	0.8621376753875598	-0.5066143597089237	-0.007779409621086419	0.5066736632168332	0.8620551480524428	0.011946577698941752
93														9.794598394224598	-0.07878746088520473	0.13977364058260475	0.000661971568142794	-0.0142323956149073	0.9998984952027402	0.8621356598109676	-0.5066177517340873	-0.007781883461394468	0.5066770824459609	0.8620533002912059	0.011934889236584423
94														9.818731441833556	-0.07617686595896836	0.1430689452261874	0.0006685293527630698	-0.014225138470501164	0.9998985941104225	0.8621281072488804	-0.5066305709829291	-0.007784037318388004	0.506689924667905	0.8620458862386655	0.011925194297217223
95														9.811983629132234	-0.06054890707052693	0.18936883083623013	0.0006802041398800696	-0.01419406866057521	0.999899027770898	0.8621212368597457	-0.5066423468092504	-0.0077785201058702125	0.506701598850596	0.862039477538282	0.011892387807989069
96														9.763698731996046	-0.06510061125536538	0.18432769269609742	0.0006800247651125302	-0.014179108486187253	0.9998992401481543	0.8621212041774766	-0.5066425211055243	-0.007770786023088394	0.5067016546982033	0.8620396212996104	0.011879580620864028
97														9.795984605241115	-0.10077333209217838	0.1496891521856179	0.0006719723245731668	-0.014155897791193361	0.9998995744628159	0.8621199829485309	-0.5066448852527278	-0.007752112491132668	0.506703743280055	0.862038613291177	0.011863631021088339
98														9.825463142949928	-0.09040866264428772	0.09918027153300372	0.0006785604280996616	-0.0141494781468397	0.9998996608779891	0.8621166829150564	-0.5066504623211248	-0.0077546160014907994	0.5067093492282193	0.8620354408595754	0.011854708210323028
99														9.750232036477628	-0.051292730864648355	0.0755857412897946	0.0006731792380750279	-0.014125250154797375	0.9999000070695961	0.8621265626181013	-0.506633912785137	-0.007737470149855541	0.5066925466769875	0.8620455647609859	0.011836697930684592
100														9.826022817176204	-0.05149745122044066	0.061351235086172975	0.0006977655304029606	-0.014111679078829542	0.999900181836588	0.8621085060494855	-0.5066644126566514	-0.0077522090023278145	0.5067232350311064	0.8620278611859755	0.011812265605865846
101														9.796530742045235	-0.06132291323032807	0.1128582971680219	0.0006897193702904425	-0.014088463310910404	0.9999005147957112	0.8621072865490017	-0.5066667730112262	-0.007733537709806393	0.5067253208260947	0.8620268536002393	0.011796308988985704
102														9.769007329873949	-0.05574153150960818	0.13357815621151126	0.0006937866689344929	-0.014082889866410042	0.9999005904954097	0.8620971301730785	-0.5066840399491339	-0.00773445590634203	0.5067425942304442	0.8620167955868584	0.011789288306097045
103														9.79116289512061	-0.06846256367877383	0.1677593099452417	0.0007017951103739373	-0.014074057891732272	0.9999007092597161	0.8620951146885951	-0.5066874313965101	-0.007736930584218593	0.5067460120353007	0.8620149463665159	0.01177758579046484
104														9.797923528911298	-0.08360744806982674	0.12247017074000187	0.0006996053721243789	-0.014061031434754567	0.9999008940626637	0.862091917454576	-0.5066929996513554	-0.0077285162744336056	0.506751454276962	0.8620118859385307	0.01176741640640272
105														9.802710517600095	-0.11420033323863946	0.10806914617270438	0.0007236685592720282	-0.01406658440367936	0.9999007988330796	0.8620891044557708	-0.506697424837255	-0.007752137894911193	0.5067562059634433	0.8620091941890811	0.011759968155900635
106														9.801299614502112	-0.09083654301771064	0.10076773147108246	0.0006827475243382786	-0.014047651513723614	0.9999010937801633	0.8620784878749019	-0.5067161680210793	-0.007707516419424798	0.5067743231450665	0.861998485238218	0.011764218965885864
107														9.797908055355727	-0.08272850501182126	0.12429139810320664	0.0006961070781026923	-0.014036797987457661	0.9999012369915322	0.8620986754286193	-0.5066817368613992	-0.007713063939645548	0.5067399621691159	0.8620189010882396	0.011748400208871801
108														9.798477546342255	-0.04410127800669892	0.08601942221821532	0.0006901617569723961	-0.014024211162861677	0.9999014177297727	0.8620766396595806	-0.5067193951776232	-0.007702071414246392	0.5067774571051831	0.8619969698624723	0.011740226485088379
109														9.777154683975937	-0.09230469448541333	0.09970354431077845	0.0006914886133612685	-0.014007676160031513	0.9999016485895474	0.8620805750681658	-0.506712811161146	-0.007694744655333985	0.5067707607327395	0.8620011090559954	0.01172535938024638
110														9.796484676428534	-0.0588247573738041	0.11806662135701651	0.0006751457441440123	-0.014009599767837222	0.9999016328082324	0.8620671825029187	-0.5067357897512816	-0.007681942242973139	0.5067935645109394	0.861987569805673	0.011735095687996966
111														9.796479290463097	-0.058454862169250596	0.11869547322210677	0.0006671120057741842	-0.013986373237322436	0.999901963357027	0.8620659672263019	-0.5067381398440929	-0.007663274595667513	0.5067956423567115	0.8619865654353404	0.011719125275946762
112														9.824007548099388	-0.06337816158144749	0.09905945648116225	0.0006672185583456169	-0.013970701637906202	0.999902182373426	0.8620685657198086	-0.506733838810906	-0.007655364247033947	0.5067912221193134	0.8619893480198624	0.011705600501692781
113														9.799867521954145	-0.06554857962727219	0.09693762760694365	0.0006622026171473894	-0.013977409777217897	0.9999020919588149	0.8620662517846198	-0.5067377884670385	-0.00765449368357396	0.5067951647576274	0.8619869173922857	0.011713890166573537
114														9.79645974686816	-0.0576064457079642	0.12070644256212072	0.0006429524537066023	-0.014000946361406197	0.9999017752325116	0.8620630659142903	-0.5067432775867784	-0.007649902421861754	0.5068006087196394	0.861983308493613	0.011743886912291612
115														9.799854754116923	-0.06509356103566236	0.09852191216503858	0.0006563239754969197	-0.01399008900133586	0.999901918514298	0.862083255348248	-0.506708846184299	-0.007655458623997524	0.5067662479753426	0.862003725402803	0.011728056304536216
116														9.802666262944417	-0.11100257471143476	0.11518146584842291	0.0006415491724065525	-0.01402157564632256	0.9999014870631278	0.8620632856152084	-0.5067427642603854	-0.007659142514375161	0.5068002367885907	0.861983274945714	0.01176238517013678
117														9.795845073249449	-0.09535239007732374	0.16187566856912836	0.0006298560545302534	-0.01402057503335552	0.9999015085282575	0.862066924571375	-0.5067367348429224	-0.007648471794117928	0.5067940615688015	0.8619868357675007	0.011767502799233276
118														9.801245268160525	-0.08745240646802736	0.10873256104826234	0.0006360443165789875	-0.01401300415100476	0.9999016107409233	0.8620609791392573	-0.5067468244675091	-0.007650107029460285	0.5068041670044694	0.8619810274053374	0.011757750641450626
119														9.797830793554281	-0.07956550002481703	0.13219566041880684	0.0006467460631987554	-0.014003143664842232	0.9999017420162006	0.8620700676640648	-0.506731302395688	-0.0076541237281478325	0.50678869379378	0.8619903126717103	0.01174396453173615
120														9.823960856880943	-0.061605613841127935	0.10465038044238219	0.0006537013780223977	-0.013996735564070939	0.9999018272150808	0.8620670017219925	-0.5067364756685454	-0.007656942540948453	0.5067939001374839	0.8619873755575371	0.011734869529175407
121														9.775093644562899	-0.10452141265218468	0.13865067267978648	0.0006196181484146579	-0.014004582933021037	0.9999017390375027	0.8620651937751553	-0.5067399339198526	-0.0076315825558811445	0.5067970182970238	0.8619852150865324	0.011758878240311854
122														9.799818231550647	-0.06341070812908776	0.10314373712751065	0.0006531500490644659	-0.013965302869190843	0.9999022670795308	0.8620638381627876	-0.5067421040328227	-0.007640610736783682	0.5067992820901157	0.8619845766115306	0.011708003962408453
123														9.796396286130173	-0.05561155220668461	0.12664629923410384	0.0006484833875605167	-0.014002920629781368	0.9999017440144464	0.8620493211594737	-0.5067665672891103	-0.007655988930343638	0.50682398064593	0.8619695844354642	0.011742578522894953
124														9.803224188817419	-0.07089819810563905	0.08150367131691033	0.0006688735532399126	-0.013979325029347234	0.999902060743898	0.8620473777459905	-0.5067697876064201	-0.007661650644982143	0.5068272596550345	0.8619680741425798	0.01171187557569675
125														9.799800527543141	-0.0631068340955948	0.10499579387815042	0.0006799210397254174	-0.014000391390547207	0.9999017585484538	0.8620442613303921	-0.5067747819116618	-0.0076819220072442684	0.506832545536213	0.8619647959512606	0.011724390217976666
126														9.799793060400301	-0.06299103744705668	0.10575947802872056	0.0006774578610916904	-0.014007061245762675	0.9999016668083437	0.8620551388465487	-0.5067562631214371	-0.007682927531507289	0.5068140473971731	0.8619755750730147	0.011731553112939053
127														9.775655088682743	-0.06516075249033376	0.1037005228655993	0.0006657831003956116	-0.014006037631044632	0.999901688988843	0.8620587823291919	-0.5067502266575579	-0.007672261180683093	0.506807865509183	0.8619791405204603	0.01173664200844493
128														9.794337956904036	-0.07013153227897524	0.16101992554652517	0.0006673313349445653	-0.014021683496281578	0.9999014686761991	0.862053325164172	-0.5067593677505801	-0.007681651542945089	0.5068171457658908	0.8619735121156352	0.011749262476992484
129														9.796349441111488	-0.054672085531341855	0.13061635694109439	0.0007041127559201388	-0.013980724159597058	0.9999020169882653	0.8620630129205388	-0.5067427248058602	-0.007692373541124564	0.5068006175801198	0.861983961688561	0.01169546117532766
130														9.804607720349482	-0.09295299106212994	0.0931862696329594	0.0007009485211686428	-0.01398741676219295	0.9999019256124531	0.862072374540145	-0.5067267918216181	-0.007692821646623715	0.5067846976043051	0.8619932195919475	0.0117029761865024
131														9.796336426330646	-0.05417058471699725	0.13179633582524397	0.0006745483620856918	-0.013981677751975341	0.9999020240362287	0.8620486684053326	-0.5067675005423137	-0.0076677046558211726	0.5068250568836351	0.8619693805938444	0.011711047500713723
132														9.801167758643725	-0.08462123160555263	0.11759819167807926	0.000678303628681709	-0.013996365996922111	0.9999018160014852	0.8620520710929132	-0.5067615517427397	-0.007678307086185998	0.506819264263511	0.8619726395972038	0.011721858095997684
133														9.801161148331307	-0.08446600216517369	0.11825877879212283	0.0006863503708338659	-0.01398748275206746	0.9999019348163242	0.8620500603696297	-0.5067649345820678	-0.007680787378256337	0.5068226734666533	0.8619707949833872	0.011710092050062904
134														9.797720924824901	-0.07662408367622782	0.14173231919176246	0.0007029234327645684	-0.013985650539824757	0.9999019489318067	0.8620526273925901	-0.5067603661147219	-0.007694084793217426	0.506818284500648	0.8619735105641303	0.011700153057512153
135														9.801149389473295	-0.08411632569893403	0.1194764212911367	0.0006885800050753788	-0.013985601814455462	0.9999019595937714	0.8620451719107751	-0.5067732337802932	-0.007681868860268282	0.5068309850856582	0.8619659462332325	0.01170726660452942
136														9.779044358116378	-0.07090956769036554	0.08644280279459969	0.0006893990115434678	-0.01396985165594089	0.999902179202403	0.8620499835664396	-0.5067651607703836	-0.007674481250810161	0.5068227999627726	0.8619709479292668	0.01169334698950969
137														9.804577213676788	-0.09134242940988642	0.09787092425747176	0.0006977811471643447	-0.01399187939601737	0.999901865391018	0.8620357620093142	-0.5067890682614729	-0.007693198794301692	0.5068469770241223	0.8619565346359612	0.011707872559666377
138														9.7721531965981	-0.055019383079318064	0.13357404348877178	0.0006729146568640876	-0.01395518619683811	0.9999023952186916	0.86203559079682	-0.5067899655305772	-0.007653171701604344	0.5068473018429145	0.8619566019329097	0.01168884078211374
139														9.801128138141525	-0.08289135248364075	0.12204822371681097	0.0006652559782792666	-0.01396281636988117	0.9999022938235036	0.86202217851701	-0.5068128153588385	-0.007650747207682829	0.5068701225948036	0.8619430433312103	0.011699097130111913
140														9.824620822852374	-0.11863933447406164	0.16444863424353703	0.0006683131722006741	-0.013977458479993099	0.9999020872125146	0.8620242424776086	-0.5068091536231423	-0.0076607561440402705	0.5068666084271167	0.861944959065388	0.01171020082482005
141														9.79766434564943	-0.07489251716563881	0.14648933195896016	0.0006727117979514197	-0.013990796073362066	0.9999018977300077	0.8620270800513303	-0.5068041685922049	-0.007671242125073641	0.5068617767370257	0.8619476737730648	0.011719511943250993
142														9.797654296755404	-0.07472057547780916	0.1472472824442268	0.0006673056566040003	-0.013998268075537279	0.9999017967750866	0.8620260545965183	-0.5068059256391325	-0.007670393329100855	0.5068635278848951	0.8619465193548541	0.011728677339360394
143														9.797645793429714	-0.07438957730273742	0.14797887998978182	0.0006463006624521928	-0.013990504062027398	0.9999019192358538	0.8620245586397379	-0.506808802671963	-0.007648387815473667	0.5068660992781213	0.8619449537704256	0.011732607224313185
144														9.803136248358262	-0.06645458952537724	0.0947490606005418	0.0006639857367952695	-0.013968872024637424	0.9999022100872169	0.8620125417375015	-0.506829172731128	-0.007652944265638617	0.5068865129495891	0.8619333270520637	0.011704815537478375
145														9.801085667686092	-0.08157701659244346	0.12627142494619034	0.0006486934928521815	-0.013990044404849855	0.9999019241177123	0.8620210387467012	-0.5068147607232887	-0.007650298755889073	0.5068720824377795	0.8619414579717967	0.011730945172618468
146														9.801079091064864	-0.08126119855340834	0.12698335328944857	0.0006411515592147921	-0.0139676953917513	0.9999022414266918	0.8620275204398158	-0.5068040071759066	-0.007632320409122317	0.5068610686658248	0.8619481433333955	0.011715599645392871
147														9.775537719753556	-0.06035955956945394	0.11683813920505884	0.000633498589612036	-0.01397530216251719	0.9999021400162134	0.8620141096597911	-0.506826853598914	-0.0076298898067106435	0.5068838855467537	0.8619345864974275	0.011725833553916376
148														9.799656698935317	-0.05768294584915761	0.12040857676719725	0.0006296947105661754	-0.013983064361365705	0.9999020338991403	0.8620223558641955	-0.5068128211450635	-0.007630354731215372	0.5068698664104169	0.8619427116891516	0.011734576730262958
149														9.80105871239894	-0.08051605415929179	0.12901465398885678	0.0006377603501643292	-0.013974152832001652	0.9999021533702004	0.8620203478185048	-0.5068161991859762	-0.007632836271337373	0.5068732713495552	0.8619408699529851	0.011722776808049229
150														9.796179886394519	-0.04955622951505638	0.14462332912217782	0.0006294890788955398	-0.013983748801171092	0.9999020244568793	0.8620092856326844	-0.5068350441339144	-0.007630827006431862	0.5068920942631958	0.8619296333270128	0.011735074189480554
151														9.802452920722766	-0.1030509615797344	0.13838860822279261	0.0006178630133432117	-0.01398267657062563	0.9999020467031847	0.8620129384711468	-0.5068289916653679	-0.00762017820035471	0.5068858965818988	0.8619332096881913	0.01174009723029662
152														9.804503895120153	-0.08750918319578559	0.10817570783211686	0.0006317176858582352	-0.013982715133545542	0.9999020375068046	0.8620046833572814	-0.5068428488218866	-0.007632330458441139	0.5068999179353633	0.8619250607074886	0.011732984339615449
153														9.82515598099391	-0.07709189496406534	0.13454828262633198	0.0006134240012771186	-0.013973949920636553	0.9999021714320908	0.862014296363006	-0.506826806596468	-0.00761189733366352	0.5068835927279423	0.8619346360593952	0.011734844880592454
