// Start Time: 1747398475.5038033
// Update Rate: 100Hz 
// Filter Profile: 46.1 human
// Option Flags: AHS Disabled ICC Disabled 
// Firmware Version: 4.0.2 
PacketCounter	SampleTimeFine	Year	Month	Day	Second	UTC_Nano	UTC_Year	UTC_Month	UTC_Day	UTC_Hour	UTC_Minute	UTC_Second	UTC_Valid	Acc_X	Acc_Y	Acc_Z	Mat[1][1]	Mat[2][1]	Mat[3][1]	Mat[1][2]	Mat[2][2]	Mat[3][2]	Mat[1][3]	Mat[2][3]	Mat[3][3]
0														9.771221565879264	-0.09856244417018802	0.036709686343775645	0.008187960783553994	-0.0054032879585353966	0.9999518797309419	0.9354804342765525	-0.3532489127036439	-0.009568843161323282	0.35328361748595083	0.9355137680189054	0.002162281921921416
1														9.786092865111387	-0.08750819708907288	0.021265401401108188	0.008183145993773011	-0.005389992843453595	0.9999519908969586	0.9354750862357506	-0.3532633233824962	-0.009559674940510077	0.3532978901067184	0.9355084031316345	0.002151398670555471
2														9.77342059505165	-0.06673114831607452	0.024181306475126816	0.008174196325953176	-0.005370991109710732	0.9999521663404336	0.9354802396328517	-0.3532500851445353	-0.009544558755798793	0.35328445164044386	0.9355135112866515	0.002136920502246953
3														9.729036017845774	-0.09547771668371986	0.03788228574758059	0.008157741527855311	-0.005369441608723102	0.9999523090377739	0.9354771807496481	-0.3532586154277326	-0.009528636983946459	0.35329293164434417	0.9355102991003852	0.002141197621180646
4														9.798523157178115	-0.11256803591251803	0.05414272115802254	0.00817008705160277	-0.0054024205128498926	0.9999520306145548	0.9354690967374688	-0.35327939442179845	-0.009551885999722065	0.3533140511312189	0.9355022625999201	0.0021674740313880614
5														9.786087640913115	-0.0876248185794417	0.023109627238994762	0.008185537313740776	-0.005412220404970802	0.9999518512654365	0.9354733547695132	-0.35326763497425256	-0.009569775126461844	0.35330241931687667	0.9355066466626448	0.002171302571171374
6														9.77120754917634	-0.09893451076687072	0.03934497349831966	0.008203713929261724	-0.005406609556559028	0.9999517326605676	0.935472089501932	-0.35327057801737927	-0.009584804127236723	0.35330534788007045	0.9355055677441856	0.0021596015773158728
7														9.798508785451665	-0.11316538848209191	0.05548158110424951	0.008212851087675999	-0.0054110099419938384	0.9999516338545684	0.9354705471090633	-0.35327438781521225	-0.009594915594116515	0.353309219478466	0.9355041036175075	0.002160450490633292
8														9.756571152635418	-0.10571916455260602	0.021669876808954748	0.008197326744371847	-0.005386194544216183	0.9999518952142539	0.9354632886539512	-0.3532942381511244	-0.009571670175636704	0.3533287978851718	0.9354967505007961	0.002142518954633743
9														9.758777645020228	-0.07392578946849834	0.008690074822190325	0.008218104493064093	-0.00537885022416934	0.9999517642010578	0.9354594560854133	-0.3533039286750304	-0.009588534985734143	0.3533384620713187	0.9354931330336187	0.002128207701404927
10														9.756569115789365	-0.10577225958891119	0.022318432504957336	0.008201387623974488	-0.0053802448306888295	0.9999518939462058	0.935457362055619	-0.3533098834419276	-0.009573402644561135	0.35334439434775905	0.9354908760794058	0.0021353583310409485
11														9.771448440236824	-0.09468947558109007	0.006818996103877743	0.008220841633428067	-0.005366011810110982	0.9999518106789405	0.9354613294762726	-0.3532990222874385	-0.00958654813916171	0.35333343857795646	0.935495059723991	0.002115281230401833
12														9.798748627607612	-0.1088628621755939	0.022920064956173675	0.008223091078886247	-0.0053677392741127705	0.9999517829116529	0.9354584730513857	-0.35330651127420676	-0.009589279827936337	0.3533409486168819	0.9354922214889517	0.0021160255641281545
13														9.786328489895812	-0.08370369333821992	-0.008254504680065087	0.008212948232528217	-0.005371596113117549	0.9999518455588384	0.9354612218161201	-0.35329945410957164	-0.009581137937117956	0.3533339071750986	0.9354948645936416	0.0021232897358972047
14														9.786074189529504	-0.08818793099808026	0.026425673918046167	0.008219339610897047	-0.005368871321005386	0.9999518076772997	0.9354643744047145	-0.35329097106055357	-0.009586135127742312	0.3533254118740357	0.9354980839038793	0.0021185693789534388
15														9.813627724406086	-0.09785167127645712	0.008341445367942743	0.008220839631239263	-0.005360983349920856	0.9999518376668349	0.9354648328312325	-0.35328979482619605	-0.009584748702990087	0.3533241632436036	0.9354985733442821	0.0021106726466251224
16														9.770930795984947	-0.1038183009581985	0.07724101283737697	0.00822350849284248	-0.0053564674446782146	0.9999518399225945	0.9354681260745508	-0.3532810507128694	-0.009585630171213777	0.35331538178607	0.935501901368311	0.002105594841954883
17														9.800953996966706	-0.07727690976713784	0.011619960852546735	0.008244284058820384	-0.0053491323711931105	0.999951708115563	0.9354642950042762	-0.3532907369892815	-0.009602496015199302	0.3533250409361174	0.9354982853754703	0.0020912931514129873
18														9.786068524859967	-0.08836147897970242	0.027902760196583706	0.008212217760534823	-0.0053509555443097545	0.9999519622232943	0.9354628645711422	-0.3532953208941423	-0.009573152179815969	0.3533295748841391	0.9354965438252929	0.002104282092712073
19														9.771182901525574	-0.09928428446069476	0.04427616551638704	0.008195760039312605	-0.005349410475919469	0.9999521055155282	0.9354598147141175	-0.35330382735957955	-0.009557229101637199	0.35333803159638333	0.9354933401049055	0.0021085651426235863
20														9.773131582377298	-0.07200564128145998	0.06565124388082752	0.008222744831681839	-0.0053500073521806635	0.9999518807866528	0.9354598225611284	-0.35330311711635387	-0.009582682806489828	0.35333738387175345	0.9354936049258697	0.002099595548086086
21														9.771177286838483	-0.09950564732872821	0.04501209751054268	0.008224244192534091	-0.00534212597225725	0.9999519105924837	0.9354602836175075	-0.3533019339076259	-0.009581298001008376	0.35333612832784894	0.9354940968211549	0.0020917052989773977
22														9.784113613270998	-0.11573021195453054	0.008496099869710243	0.008214903599057244	-0.0053229434677039555	0.9999520896681493	0.9354561825699039	-0.35331321207928934	-0.009565806916228603	0.3533472029754893	0.935489946735429	0.002076946398829105
23														9.7731238814921	-0.07213049743963995	0.06665295043418493	0.00822403355113116	-0.005327359454585401	0.9999519911042685	0.9354546454328055	-0.3533170080185828	-0.009575916821926655	0.3533510600102023	0.935488487949498	0.0020778122215521777
24														9.786329141058859	-0.08393941743212782	-0.003983674335897897	0.00820565460058903	-0.005321068272822638	0.9999521755889185	0.9354571511716036	-0.3533108997516392	-0.009556486728625857	0.3533448535842613	0.9354908307135472	0.002078484157699012
25														9.771438449952198	-0.09516473872698526	0.01230987333135874	0.008241690065165508	-0.00533833546933471	0.9999517871974063	0.9354493232379336	-0.3533305447508809	-0.009596343039831479	0.3533647381935018	0.935483312689469	0.00208170146161335
26														9.771435596183006	-0.09539175426513362	0.012807631035619337	0.008237848876555376	-0.0053502780284137574	0.9999517550216641	0.9354563802847666	-0.35331184463517507	-0.00959692789450367	0.353346145345339	0.9354903072536396	0.00209442213557548
27														9.773381176668003	-0.06812751776039332	0.03416030532820041	0.008257308095277915	-0.005336067699076186	0.9999516704543933	0.9354603526899352	-0.3533009691172066	-0.009610086683559504	0.353335174315044	0.9354944957627247	0.002074364819394159
28														9.798723673075841	-0.10956241083851737	0.02935271151526188	0.00824099898214009	-0.005336430966213723	0.9999518030586869	0.9354546793458465	-0.35331640071857373	-0.009594992091263743	0.3533505749616597	0.9354886656116228	0.0020803092196555184
29														9.798998621465692	-0.10503945300084383	-0.004485800384552531	0.00823618107322771	-0.0053231464488474045	0.9999519135604533	0.9354493413476737	-0.3533307823798195	-0.009585822607744099	0.3533648186980865	0.9354833094902056	0.002069437537046137
30														9.786049616471166	-0.08880311118874465	0.03271676012612846	0.008243104859465777	-0.005326932741097412	0.9999518363450548	0.9354359611517987	-0.3533659904462293	-0.009593715649597934	0.3534000761265988	0.9354699891410343	0.002070171535642207
31														9.78410444949028	-0.11617196514069739	0.012209516502460027	0.008226642094689207	-0.005325393185977967	0.999951980120676	0.9354329178352851	-0.3533744786667869	-0.00957778978372198	0.3534085151634161	0.9354667915080639	0.0020744627251904624
32														9.783824523518351	-0.12055560323225073	0.04695459399381736	0.008220715542861468	-0.005337591436941458	0.9999519638230712	0.9354495928025119	-0.3533303705800935	-0.009576458183974346	0.3533645131610968	0.9354833827190022	0.002088419267040287
33														9.771711296477317	-0.0911056717484052	-0.018538763638381882	0.00824148854813761	-0.0053302734627279635	0.9999518318655771	0.9354457645055534	-0.3533400483257601	-0.009593326731137664	0.3533741636497096	0.9354797691206166	0.0020741337724901054
34														9.786042812780048	-0.08892775412699452	0.03437128287591145	0.008237282647536759	-0.005312879207558685	0.999951959090591	0.9354482737171474	-0.35333367922683584	-0.009583231377603418	0.3533676193062882	0.935482273716907	0.0020594142984929897
35														9.771429446429805	-0.09547955021322335	0.016354135404952487	0.00822081842455008	-0.005311343027029458	0.9999521027427662	0.9354452327415848	-0.35334216167133714	-0.009567305078700572	0.3533760527900453	0.9354790785585083	0.0020637087612518368
36														9.786040835685192	-0.08879149708762586	0.03527490582361326	0.008216077005576305	-0.005328135973714454	0.9999520523733545	0.9354434711630755	-0.35334678441289336	-0.009568814108592394	0.3533808262158757	0.9354772369823405	0.002081045619671207
37														9.786038066661812	-0.08889043407909941	0.03578999253309504	0.008225203673972115	-0.005332569082102279	0.9999519537115303	0.9354419392191724	-0.35335056602077086	-0.009578927010649163	0.3533846691275616	0.9354757833315546	0.0020819283893478424
38														9.771425471862221	-0.09562796163596113	0.017797758051538503	0.0082282624546694	-0.005328328283242589	0.999951951152996	0.9354460161999852	-0.3533397363493808	-0.009580265764976281	0.35337380558348497	0.9354798980385718	0.002076991379218629
39														9.786034416991072	-0.0889856770502966	0.036543215887155596	0.008229763051657069	-0.0053204658714811615	0.9999519806685846	0.9354464851432265	-0.3533385321874919	-0.009578888493638138	0.3533725292567298	0.9354803976110353	0.002069118701878203
40														9.798413726928128	-0.1141877204532416	0.06861945812582963	0.00823829735166609	-0.005330528739635354	0.9999518568011667	0.9354600420001087	-0.35330232811023493	-0.009590347910396868	0.35333644063116404	0.9354940140990982	0.002075887004654109
41														9.771422426165175	-0.09571191575680554	0.018979570436434338	0.008220524118266459	-0.005322116081889761	0.9999520478821131	0.9354648077507715	-0.3532902415116582	-0.009570721626200318	0.3533242369878311	0.9354986265799886	0.002074421346277444
42														9.786322153812103	-0.08477808775894516	0.003336232321316845	0.008274806945849034	-0.005296816501324686	0.9999517344877005	0.9354722823243526	-0.3532693143721789	-0.009612519226369964	0.3533031793981985	0.9355066730162656	0.0020317896452252127
43														9.813600285655044	-0.09903710601787137	0.0193579239363283	0.00827128990060233	-0.0052904202596841254	0.9999517974466854	0.9354591475589908	-0.3533042427402715	-0.009607044807345755	0.35333803787815893	0.9354935186922463	0.0020266902115353425
44														9.771417802011314	-0.09601892880944418	0.01979216800854823	0.008259665255999749	-0.005287470407282557	0.9999519091369098	0.9354596405944182	-0.3533032612164968	-0.00959512546815161	0.3533370044996993	0.9354939060573724	0.002028048495348822
45														9.771713885147976	-0.09163597620152131	-0.01400688324517188	0.008268786958871843	-0.0052919143600648755	0.9999518102411911	0.935458111799385	-0.3533070342995828	-0.009605237277807266	0.35334083861189663	0.9354924559593409	0.0020289436173762665
46														9.798693609786914	-0.11009173143140469	0.03653049475878227	0.00825174002852197	-0.00529024987338006	0.9999519598674622	0.9354464121350425	-0.3533384574511578	-0.009588769979123946	0.3533722100139991	0.9354805972024826	0.002033088170385333
47														9.800924039168452	-0.0783112929339914	0.023692235894435858	0.008260862637493538	-0.005294695912430036	0.9999518610131586	0.9354448838916096	-0.35334222877826627	-0.009598883425698868	0.3533760424102026	0.9354791475801061	0.002033984587081372
48														9.798689153564291	-0.11019047578114208	0.037417242948751026	0.008262858985390087	-0.005293106232466427	0.99995185293483	0.9354262357447498	-0.35339155591269145	-0.00960029635038967	0.35342535653486407	0.9354605236117768	0.0020312858452989913
49														9.784083658557597	-0.11692128436580629	0.01952591383470478	0.008260333966849942	-0.005309299543607704	0.999951787948355	0.9354270060771807	-0.3533894256403003	-0.00960365279988068	0.3534233766804879	0.9354612366014825	0.0020473475003017216
50														9.786012245885507	-0.08952661879773831	0.04089953569327236	0.008253569996221455	-0.005290433252482463	0.9999519437944597	0.9354248958166057	-0.35339536404586325	-0.009590670330276496	0.3534291200068406	0.9354591001144266	0.00203202960053539
51														9.758735395181253	-0.07563336712574308	0.025392147264887015	0.008288282618139298	-0.005300863403627842	0.9999516014379984	0.9354248735472861	-0.3533944398900708	-0.009626827298053808	0.3534283666038781	0.9354593901939083	0.0020295264855421102
52														9.786005993794356	-0.0898430926435624	0.04169396588456317	0.00827816165603612	-0.005308505428968935	0.9999516447357379	0.9354355986370877	-0.3533662355465985	-0.009619998861729429	0.35340021624508156	0.9354700013072235	0.002040542132176082
53														9.783767681320102	-0.12157284230901762	0.05541373131222076	0.008273343934382782	-0.005295230549095753	0.9999517549929973	0.9354302693836206	-0.3533805923284214	-0.009610831727842106	0.35341443504903736	0.9354646532601036	0.0020296797589201
54														9.800912869380094	-0.07875963436316281	0.026642991810651162	0.008280835760250571	-0.005303393342778906	0.9999516497202068	0.9354375950747784	-0.353360931900323	-0.00962068226529561	0.3533948690626765	0.9354720336950682	0.0020348696731490312
55														9.756802997076107	-0.10325272252770872	0.0061004389785788895	0.008282337870477274	-0.005295543412601633	0.9999516788822171	0.9354380710617844	-0.3533597091784553	-0.009619310657503322	0.3533935739195144	0.9354725400295205	0.002027008413878484
56														9.771400119374583	-0.09663663378481602	0.024865438923186715	0.008289963542967349	-0.005296083278458097	0.999951612832523	0.9354472169823407	-0.3533352984819476	-0.00962658229418284	0.3533691847692013	0.9354817573574488	0.0020250696208815033
57														9.786310505169018	-0.08565136040937697	0.009502958852185824	0.008287433306180536	-0.005312285966607322	0.9999515478596972	0.9354479918240346	-0.35333315570602647	-0.009629936199256284	0.35336719293332325	0.9354824748206829	0.00204114227668184
58														9.75840803972148	-0.08029079510908063	0.06263711103003447	0.008257790549049182	-0.0053008074778918	0.9999518540086472	0.9354268587498293	-0.35338996176779613	-0.009598273343847108	0.35342382605686845	0.9354610822272825	0.0020402974014669395
59														9.771397848146842	-0.09650647131428988	0.026226177193369532	0.008264320491027655	-0.005291512623635475	0.9999518492912425	0.9354409475955556	-0.3533525916947466	-0.009601015786622202	0.3533863814132498	0.935475251322428	0.0020296785187667865
60														9.786310192452865	-0.08553801030917896	0.01076195138277648	0.008272902302301932	-0.005300242823227275	0.9999517320918605	0.9354467715556353	-0.3533368721450711	-0.00961209492656695	0.3533707637505346	0.9354811394190441	0.002034973614391755
61														9.771392923402656	-0.09677282986203752	0.027066340475002018	0.008288342077587274	-0.005310132823969249	0.9999515517638832	0.9354510527858657	-0.35332504976457	-0.009630007823506703	0.3533590684097715	0.9354855486314351	0.0020388904635855187
62														9.756797765674069	-0.1035287890810929	0.009067080099046058	0.00828330222653656	-0.005300023235132789	0.9999516471599673	0.9354528975027647	-0.35332039176783325	-0.00962171059155359	0.35335430301314663	0.9354873652352194	0.0020312625043256705
63														9.699376763626523	-0.11597612770552415	0.05926559073890489	0.008299194365276985	-0.005249508009234183	0.9999517818567798	0.9354585841606611	-0.35330541746046257	-0.00961869602494314	0.3533388751510642	0.9354933055125246	0.0019785470000485694
64														9.883666192164979	-0.10805316684732565	-0.02514881443514762	0.008321398320549567	-0.005189838485386122	0.9999519087968614	0.9354444772775616	-0.3533427728804576	-0.009618460586754862	0.3533756984583128	0.9354795296689528	0.001914499792291191
65														9.855432289628247	-0.10702804471030922	0.06198048591937447	0.00828033011283874	-0.005204932392887773	0.99995217126221	0.9354538605631397	-0.35331883092443783	-0.00958532585292493	0.35335182310374547	0.9354884886480295	0.0019433775457604607
66														9.660086545598578	-0.07237491391163568	-0.02195776604676553	0.008312846129596652	-0.005204256735255264	0.9999519049939651	0.935469199146566	-0.3532773997037744	-0.009615420251999351	0.3533104499407123	0.9355041392588136	0.0019316812154808738
67														9.729205883215025	-0.09389725021120875	0.02851780191004758	0.00830931512744626	-0.005197861922226987	0.9999519676032194	0.9354560705185677	-0.35331231139804503	-0.009609929475836831	0.3533452920474143	0.9354909902537852	0.0019265881550518116
68														9.930013948983031	-0.05200576061322668	-0.015955558851835982	0.008325781806140686	-0.005216369267144749	0.9999517342597017	0.9354498686308527	-0.3533281331249595	-0.009631906402747137	0.3533613230615893	0.9354849116015178	0.0019379190033111393
69														9.674676240406406	-0.06606700876786088	-0.002240738940975005	0.00831692216296287	-0.005227153604105916	0.9999517516715165	0.9354448450634065	-0.3533415541866325	-0.009627457051294475	0.3533748302440832	0.9354797822241665	0.0019509996902049576
70														9.798643489660186	-0.11100825589317968	0.04597896918350836	0.008286580017017708	-0.005231125901256517	0.9999519828038881	0.9354465626063776	-0.3533377414348205	-0.009600467991347394	0.3533709964039699	0.9354812001315396	0.0019654772754596483
71														9.798642455135383	-0.11093788034364617	0.04636736011145771	0.008299734728511587	-0.005211544861715489	0.9999519759486406	0.9354447437445308	-0.35334241009340533	-0.009605864360531957	0.35337550255240596	0.9354795460241438	0.0019424639755723505
72														9.74445363699045	-0.07860447913698296	-0.01930374319209071	0.008303232649490788	-0.005221330312671413	0.9999518958616638	0.9354371997741024	-0.35336219734238267	-0.00961263585861366	0.3533953899053519	0.935472017325548	0.0019501780727119167
73														9.812888471043374	-0.10867217082201096	0.0997981823575559	0.008285469254948163	-0.0052129398474543565	0.9999520869808572	0.9354419878113363	-0.3533500548359474	-0.009593028041688989	0.3533831326461422	0.9354766507003687	0.0019487317976661367
74														9.798636526190872	-0.11092749170018959	0.04762822570369053	0.008281120930799357	-0.005224523641343348	0.9999520625454255	0.9354518331027708	-0.3533239905692371	-0.009592999160606186	0.3533571719673951	0.9354864307091528	0.0019613715237268847
75														9.729534128422408	-0.08947577553367213	-0.0022736138584964435	0.008272726600698388	-0.005174899781479114	0.9999523900700682	0.9354482154242677	-0.35333425629755366	-0.009567632215318811	0.3533669456162291	0.9354828292058099	0.0019178130645732816
76														9.84306712894383	-0.0819944933554607	0.03482828396650995	0.008281838775173911	-0.005182276888384019	0.9999522764376079	0.9354483809355352	-0.3533335165606456	-0.009578761922811485	0.35336629402305464	0.9354830677682735	0.0019215013067779285
77														9.756451750893795	-0.10784048436178623	0.048440105315816565	0.008275727298925284	-0.005162144772214217	0.9999524311681157	0.9354508685174009	-0.35332727860286184	-0.009565917893053388	0.35335985188998886	0.9354855351401469	0.0019048926055916238
78														9.77396650092978	-0.06069222585022186	-0.014830396713994916	0.008300721969459746	-0.005133678187091928	0.9999523705472468	0.9354467956179846	-0.3533377000920094	-0.009579262066296501	0.35337004765943486	0.935481755590114	0.0018693248000569707
79														9.798972931342	-0.10651197530445417	0.014562973143973288	0.008294610104187694	-0.005113548541579138	0.9999525244052998	0.9354492842730839	-0.35333145937466404	-0.009566418825488865	0.3533636031005373	0.9354842229762523	0.0018527186302594312
80														9.756791655938114	-0.10342186735801362	0.01495274524617653	0.008270313686060349	-0.005124298894359891	0.9999526706161527	0.9354622524231027	-0.35329763804309167	-0.009547420838557419	0.3533298405216153	0.9354969377363105	0.0018717058946465803
81														9.657503440153613	-0.10838452613088481	0.030936740802847095	0.00827357350388519	-0.005062931284889771	0.999952956247583	0.9354563343817626	-0.3533138096395406	-0.009528818553771079	0.35334543218571823	0.9354911643862807	0.0018129833669992546
82														9.826577549749219	-0.11569281943182924	-0.0032529680630457095	0.008261636384871984	-0.0050000085912141334	0.9999533715520604	0.9354636818960584	-0.35329525549862173	-0.00949538285877255	0.35332625888506397	0.9354985100769815	0.0017585295088190511
83														9.967362121962141	-0.12215807395634715	0.0498094760298641	0.008260370992319466	-0.0050231101556988955	0.9999532662256936	0.9354566605182417	-0.3533136577483476	-0.009502396568356386	0.353344877652313	0.9354914364187664	0.001780399962010626
84														9.74221280353574	-0.10983857341590432	-0.0024893860050537227	0.008277245378444986	-0.005041794262302335	0.9999530326568151	0.935450494718257	-0.3533293786777473	-0.009524814673530613	0.3533608058915321	0.9354853983220762	0.001791754970209225
85														9.714260402623422	-0.10467289688224993	0.050667216492894206	0.008274695817216127	-0.005058030958950022	0.9999529717601477	0.9354512826579888	-0.35332720230189774	-0.009528162836428933	0.35335877968809004	0.9354861326798662	0.0018078664252774712
86														9.815803142172731	-0.06784697854275498	0.02204714831501631	0.008275687645973251	-0.005052711421495604	0.9999529904456895	0.9354568335539704	-0.35331253211153035	-0.009527182695753589	0.35334406115168504	0.9354917021332845	0.0018026892700513941
87														9.786646700177249	-0.08125360493192427	-0.014298400913444373	0.008266811668762641	-0.005063509002522615	0.999953009246642	0.9354518171556844	-0.353325933910799	-0.009522720524621386	0.35335754924008844	0.9354865821072174	0.0018157897442637183
88														9.773619752248047	-0.06482613842876564	0.02277483967650709	0.008265665160609226	-0.0050286657294218995	0.9999531945548426	0.9354499546341715	-0.353331225222387	-0.009509345812087566	0.3533625067184969	0.9354847715510013	0.0017835475299821102
89														9.756434638618916	-0.1076276253209997	0.052213258146651634	0.008273487579433636	-0.005026292127999488	0.9999531417975129	0.9354562494173186	-0.3533143856569655	-0.009515792868943329	0.35334565913472965	0.9354911444130752	0.0017787342011660878
90														9.784040194806137	-0.11725509837279816	0.033964255902921674	0.008275006613406799	-0.004960357975923146	0.9999534584740926	0.9354608997630189	-0.35330266200321947	-0.009493894669849734	0.35333331187437084	0.9354959240264972	0.0017166390706929158
91														9.798971669563242	-0.10605849522082174	0.018254266161827064	0.008258519799874964	-0.004958848698368601	0.9999536022587759	0.935457887717012	-0.353311065080279	-0.009477953358480007	0.3533416719815846	0.9354927584494848	0.0017209677024037084
92														9.784041532017403	-0.11699366368643517	0.03447673885685005	0.00825215403090257	-0.004940922388795843	0.9999537435500696	0.9354607685637433	-0.35330376722459345	-0.009465650692977778	0.35333419369200797	0.9354956094770615	0.0017065219484012073
93														9.785939973124163	-0.0894786514614464	0.05564060999024819	0.008246042178647328	-0.004920802011209535	0.9999538931850585	0.9354632620719543	-0.35329750869565874	-0.009452812446039294	0.3533277346913019	0.9354980791305818	0.0016899233431008631
94														9.798972854383267	-0.10580050840575048	0.019095449865931268	0.008251099691190478	-0.004891316597392059	0.9999539961297378	0.9354623868889362	-0.35329997799269797	-0.00944713006233927	0.3533299337304182	0.9354973012105938	0.0016605293599127324
95														9.78629670344576	-0.08498735994417929	0.021765200952349083	0.00823866096130782	-0.004865753085236402	0.999954223408491	0.9354590752914773	-0.3533092978922024	-0.009426477482775808	0.35333899150869114	0.9354939147155542	0.0016409173619003625
96														9.756792331527167	-0.10263425482640974	0.019304477210002228	0.00824845166307192	-0.004818660451951284	0.9999543707372909	0.9354516308024619	-0.35332920667200085	-0.009419030817957197	0.3533584716321048	0.935486639254663	0.001593204895675604
97														9.798975152002111	-0.10550405330256289	0.01955160806341104	0.008230680746699026	-0.004810288965892862	0.9999545574747444	0.9354564294982112	-0.3533170237565314	-0.00939942733819904	0.35334618210036656	0.93549128368141	0.001591776115974941
98														9.799334175991323	-0.10116301232539758	-0.014269475303535438	0.008239569229422539	-0.004817214375830825	0.999954450934927	0.9354546559558712	-0.35332143275046646	-0.009410197109549212	0.3533506702263299	0.9354895828414207	0.0015950692112222664
99														9.773980052876206	-0.059640593803351405	-0.009032194983668725	0.008218247921374267	-0.0047724792757919965	0.9999548409016603	0.9354611581494341	-0.35330516824149516	-0.009374416652154105	0.35333395250785365	0.935495954847166	0.0015609195260650743
100														9.788552197338763	-0.052837460362319844	0.009638566719762051	0.008227461512392786	-0.0047780581569824565	0.9999547384943533	0.9354556095058801	-0.3533195774813507	-0.009385031293614843	0.3533484279306255	0.9354904843602891	0.0015627380801919721
101														9.80122956290797	-0.07360765496932226	0.007438122049955332	0.008233006742707272	-0.004746194579070329	0.999954844598991	0.9354558012142529	-0.3533192311465708	-0.009378959249116692	0.35334779124054955	0.9354907773671604	0.0015309756403250607
102														9.759047381874131	-0.07060670793597193	0.007677123928067305	0.00822334608152625	-0.004752165921167284	0.999954895731943	0.9354588942333504	-0.35331122607215115	-0.009372018518464031	0.3533398276149188	0.9354937703963885	0.0015400553913488824
103														9.800864614275778	-0.07784215272393968	0.0424194005852633	0.008218510364101206	-0.004738913842338821	0.9999549983789222	0.9354535810763368	-0.35332553680922074	-0.009362835571227135	0.35335400625838814	0.9354884327099247	0.001529224338059909
104														9.801229125442697	-0.07355543458435251	0.008461191477813188	0.008233479514906994	-0.004728142463347851	0.9999549262261394	0.9354420522745517	-0.35335578694995595	-0.009373081955909301	0.35338417713793085	0.9354770614493033	0.0015135556560343377
105														9.798972009341677	-0.10531951425934072	0.021971442377085714	0.008236478267570846	-0.004682563728047318	0.9999551160040538	0.9354578668457771	-0.35331427241170205	-0.009359715088513965	0.35334224171770967	0.935492970848591	0.0014702757500669184
106														9.754900014351751	-0.12973997376059193	0.0013902001579435773	0.008222090262732906	-0.004712445178817082	0.9999550940378016	0.935461460154867	-0.3533048356426425	-0.009356798408113765	0.35333306354859595	0.9354963847989807	0.001503406598962198
107														9.785924619824605	-0.08877527710761324	0.05934432402909047	0.00822409617588038	-0.0046442213412191125	0.9999553967303865	0.9354633563650108	-0.35330040312201144	-0.009334562235794375	0.3533279965420227	0.9354983999782998	0.001438922389306152
108														9.759046466951387	-0.07053327720467181	0.009336641100441224	0.008246565407414586	-0.004669353763600614	0.9999550946389604	0.9354685271259746	-0.3532859210653276	-0.00936443985422819	0.3533137825159692	0.9355037440397842	0.0014546380322816854
109														9.771723558793608	-0.09138319878523987	0.0073069182598197524	0.008241726818439155	-0.004656107463480663	0.9999551962974833	0.9354632167365311	-0.35330022549127926	-0.009355255247873284	0.35332795540685974	0.935498407978923	0.0014438133218665494
110														9.784401060389161	-0.11217230919360807	0.005147899879519733	0.008261419535600445	-0.004651286581841219	0.9999550562302242	0.9354600293579008	-0.35330822144102847	-0.009371986763369033	0.3533359342339418	0.935495412172241	0.0014322652397000257
111														9.773981627621703	-0.05981787425112127	-0.005442547073213951	0.008262905986995528	-0.004643494384599267	0.9999550801633794	0.9354605262180902	-0.35330694209005364	-0.009370622111134763	0.3533345840310913	0.9354959340536313	0.0014244636534650468
112														9.784400624897689	-0.11217607510901122	0.005846771726009189	0.008237818673565211	-0.0046307427082440955	0.9999553462857591	0.9354623123634269	-0.3533029538564753	-0.009342641166204757	0.3533304409347893	0.9354975034805064	0.0014214396111094652
113														9.771721917680798	-0.09144108752157538	0.008653434765501889	0.008258563844688094	-0.004623513829475845	0.9999552086184123	0.9354584991868065	-0.35331260364802886	-0.009359508674009587	0.3533400521061703	0.9354938948081489	0.0014072506135306972
114														9.786661195794958	-0.08046751322193235	-0.00691558201630327	0.008251958579500174	-0.004604651141126681	0.9999553501869328	0.935460563134425	-0.353307479154158	-0.009346656833277456	0.3533347421353116	0.935495923220194	0.0013919908657081814
115														9.758664807487344	-0.07490658835342083	0.04617236390622937	0.008212135514181818	-0.004626650011394229	0.9999555764832602	0.9354621732869937	-0.35330399473110974	-0.009317169968128203	0.35333140700972465	0.9354971306298661	0.00142667579226341
116														9.769457709738854	-0.12318935401855417	0.023477277659112814	0.008253846819557209	-0.004650505424666551	0.9999551223989879	0.9354611763348937	-0.3533053798387691	-0.009364622102389364	0.3533330745667843	0.9354964892378157	0.001434238789395692
117														9.786277703225029	-0.08500227476684342	0.029036082018233603	0.008251270782096976	-0.004666775826210445	0.9999550678574856	0.935461977932068	-0.3533031689809909	-0.009367957697007823	0.35333101247117277	0.9354972431767918	0.0014503912295172894
118														9.756772499703036	-0.10279629351314513	0.02695134376829381	0.008251955708907965	-0.004660861824214935	0.9999550897885533	0.935464475243551	-0.3532965953129824	-0.00936649868212236	0.3533243846443176	0.9354997552684395	0.0014446828039412218
119														9.799340305055084	-0.10134303319105421	-0.006858466018398611	0.0082265879955008	-0.004640198005831098	0.9999553949114026	0.9354712914712497	-0.35327936877483673	-0.00933543952715049	0.3533069290051703	0.93550636350616	0.001434488206975948
120														9.798955559957644	-0.10549494659991507	0.027715360651422376	0.008226904579927308	-0.004627697822675192	0.9999554502346064	0.9354766761541988	-0.3532652194228578	-0.00933129774534358	0.3532926639664697	0.935511768583903	0.001422824125803357
121														9.757160984891245	-0.09815053160013323	-0.006286684363658754	0.008209131581893847	-0.004619352068355731	0.9999556348884382	0.9354814885073442	-0.35325299267592436	-0.009311703688726192	0.3532803346051892	0.9355164267675751	0.0014214180502705176
122														9.771716834738557	-0.09153475918522268	0.012533810899849151	0.008243025130831416	-0.004630493658914048	0.9999553045337417	0.9354836350366547	-0.3532463670749904	-0.009347337959492164	0.353273861353059	0.9355188735011158	0.0014199323588810486
123														9.78705245244687	-0.07642144107307584	-0.03699935938548053	0.008228782302257986	-0.004658521241802882	0.9999552916614136	0.9354867474650329	-0.3532382153839419	-0.00934390227166626	0.3532659514574206	0.9355218123444308	0.0014512645092584209
124														9.786267972418164	-0.08502419963094228	0.03209062097002964	0.008231309024156641	-0.004658165189105057	0.9999552725241365	0.935479221545513	-0.3532580857422045	-0.009346171106635381	0.35328582140860126	0.9355143111437817	0.0014498402759083318
125														9.786660926959966	-0.0807770612830329	-0.0017827417250116094	0.008232794938616728	-0.00465038229765391	0.999955296516791	0.9354797242482581	-0.3532567905274583	-0.00934480960970413	0.3532844556556385	0.9355148389473704	0.001442047632371768
126														9.77171140291557	-0.09180605498592827	0.0146127421867705	0.008219040494196195	-0.00467897534995082	0.9999552762814092	0.9354813245501958	-0.3532526259803028	-0.009342037027944672	0.35328053837023915	0.9355162689273205	0.0014736964202963776
127														9.773583488216058	-0.06427227842921626	0.036042629985401996	0.008201273036892054	-0.004670630746247295	0.9999554611726493	0.9354861408811578	-0.3532403886654669	-0.009322447894609343	0.3532681974645498	0.9355209313659963	0.001472289457184417
128														9.756759551793621	-0.10276426333628352	0.03139455973859779	0.00822241062782142	-0.004664322198556392	0.9999553170326643	0.9354799377912567	-0.3532563517274543	-0.00934001896551434	0.3532841320432247	0.935514935242959	0.0014587610593547184
129														9.773580588788315	-0.06431165056148745	0.03675165499334278	0.008204644742756617	-0.0046559794756318995	0.999955501839841	0.9354847554976287	-0.35324411074500495	-0.009320432152721825	0.3532717877727968	0.9355195989818139	0.0014573553852298415
130														9.784390499367781	-0.11234897764960158	0.013910824870197085	0.008187754042636608	-0.004655547143976757	0.9999556422984612	0.9354826981646933	-0.3532499794168341	-0.009304486902151465	0.35327762753710207	0.9355173851526208	0.0014628598566487905
131														9.758626089040634	-0.07506252744222895	0.053517712477686594	0.008171249778953504	-0.004654057384712473	0.9999557842359383	0.9354797045268686	-0.3532583269545744	-0.009288533553712841	0.3532859367359156	0.935514240504716	0.0014672142010608846
132														9.798937775772497	-0.10556400361347416	0.03319798477426722	0.008198016624592686	-0.004653362341455636	0.9999555683840866	0.935478709952651	-0.35326030780674733	-0.009313332035615185	0.35328795018900144	0.9355134959727738	0.0014570875239187653
133														9.784387758529618	-0.11243411795365034	0.01509951268738616	0.008198246573192347	-0.004638737575510532	0.9999556344492643	0.9354870280505792	-0.35323841103849224	-0.009308346582302063	0.35326591839890276	0.9355218367738439	0.0014435432356046385
134														9.786253163021525	-0.08499779449494176	0.036389141500733725	0.008195020095367822	-0.0046557219044779385	0.9999555819631116	0.935488994948549	-0.3532331236619504	-0.009311319894369507	0.3532607846560252	0.9355237488175112	0.0014606240584207897
135														9.771705513636459	-0.09174462537783873	0.018435510589966824	0.008190178114775959	-0.004642481756639338	0.9999556831908044	0.9354836945619625	-0.3532474026714992	-0.009302134945353313	0.3532749328655377	0.9355184230516147	0.0014498068391759489
136														9.771705638331369	-0.09167092991044212	0.01873354277458383	0.00818365355517997	-0.00462342779706526	0.9999558248892274	0.9354871880313427	-0.35323848911714595	-0.009289286056976154	0.3532658331111306	0.9355218830800498	0.0014343760516526416
137														9.786660137308573	-0.08082698811718597	0.0032539730314122012	0.008219576472234813	-0.004640849358359345	0.9999554495475532	0.9354793705866811	-0.35325814288797985	-0.009329077665123142	0.3532856999219801	0.935514375624751	0.0014377865168381798
138														9.786658630687848	-0.08099343807800041	0.0036216880041984503	0.008213146928133574	-0.004622207897598596	0.9999555887196632	0.935482712159462	-0.35324962668139137	-0.009316463934056496	0.3532770010463657	0.9355176836616231	0.001422704493967808
139														9.784382310323952	-0.11255034073876988	0.017564431767486687	0.008173313161033646	-0.004644218643378051	0.9999558131163417	0.9354843429582	-0.35324608460476786	-0.009286968906277449	0.3532736064752597	0.9355189121255614	0.0014574029537710032
140														9.78438070739278	-0.11258368330980197	0.018230456829522894	0.008196069749602242	-0.004668302464168994	0.9999555147069109	0.935488322736604	-0.35323476077109717	-0.009316748705522349	0.3532625404201749	0.9355230679866153	0.001472005704968582
141														9.77127897692664	-0.09620324323445416	0.055401413731883814	0.008178308309516213	-0.004659967931445241	0.9999556990047471	0.935493147575168	-0.35322249856532084	-0.009297168772118447	0.35325017496541994	0.9355277394103021	0.0014706055726621536
142														9.78665763077866	-0.08099713138791498	0.0056655264812524656	0.008205128476807544	-0.004659489130870498	0.9999554815229119	0.9354962698110647	-0.35321357285926896	-0.009322076891654263	0.3532412844448722	0.9355311117803777	0.0014607719560920662
143														9.798915791898787	-0.10600114691337464	0.03795358711012845	0.008175703055353367	-0.004662906761368268	0.9999557066090912	0.9355034063480512	-0.35319536544728547	-0.00929572685446467	0.3532230663344978	0.9355379688324224	0.0014745447303193826
144														9.78623380464835	-0.08519418644550952	0.040861006105747555	0.008178519949174456	-0.004664061087518101	0.9999556781905954	0.9354954303504579	-0.3532164096619614	-0.009298803091038255	0.35324412465723093	0.9355300179468782	0.001474420381452457
145														9.772118230551182	-0.08781827803381315	-0.011462394610078305	0.008199262300978893	-0.00465686280295996	0.9999555418750143	0.935491625384692	-0.35322604225936916	-0.009315680591824693	0.35325372033826663	0.9355264168897723	0.0014602631807132394
146														9.78665461781274	-0.08121897116918173	0.007423383936516305	0.008196995156315279	-0.004682765502754538	0.9999554394960075	0.935486500275468	-0.3532394294048097	-0.0093227311513846	0.3532673450416326	0.9355212329076291	0.0014851620199317073
147														9.78622726544729	-0.08536306483696096	0.042057120529000076	0.008175726830749352	-0.004638054350436294	0.9999558219954676	0.93549302878781	-0.35322308031631616	-0.009287013581503245	0.35325054929921723	0.93552762865866	0.0014510120969900564
148														9.786654915677335	-0.0811160074720365	0.008123413570725588	0.008198306477756656	-0.004662631135040285	0.9999555228317886	0.935496195933934	-0.35321390762030475	-0.009316805071147904	0.3532416384913247	0.9355309697356329	0.0014661178229959937
149														9.786223008417743	-0.08544509731961317	0.04287327363224589	0.008180543896578185	-0.0046543092010595255	0.9999557070727771	0.9355010262260912	-0.35320163005022276	-0.00929722860837856	0.3532292578927842	0.9355356465339667	0.0014647295949958838
150														9.813868757468432	-0.09515501619905338	0.025051056838963512	0.008189650191076314	-0.00466067080468574	0.999955602903148	0.9355000625881416	-0.35320389870356655	-0.009307998613231783	0.3532315989932541	0.9355347583538791	0.0014674414529796675
151														9.813866982671398	-0.09523163966554943	0.02545182529520376	0.008191138527549102	-0.004652918027658159	0.9999556268172356	0.9355005768058311	-0.3532025722645739	-0.009306650398822836	0.3532302026236997	0.9355352977304046	0.0014596763009986358
152														9.757150368546668	-0.0991322260184977	0.0072819820566763635	0.008206326449253176	-0.004664007178264595	0.9999554506293014	0.9355043971751631	-0.3531919757307668	-0.009324759800226068	0.3532197319971561	0.9355392430659648	0.001464790571619634
