// Start Time: 1748431178.2324173
// Update Rate: 100Hz 
// Filter Profile: 46.1 human
// Option Flags: AHS Disabled ICC Disabled 
// Firmware Version: 4.0.2 
PacketCounter	SampleTimeFine	Year	Month	Day	Second	UTC_Nano	UTC_Year	UTC_Month	UTC_Day	UTC_Hour	UTC_Minute	UTC_Second	UTC_Valid	Acc_X	Acc_Y	Acc_Z	Mat[1][1]	Mat[2][1]	Mat[3][1]	Mat[1][2]	Mat[2][2]	Mat[3][2]	Mat[1][3]	Mat[2][3]	Mat[3][3]
0														9.358435675088986	-2.8380718322173424	-0.802010415880305	0.3065770691239327	0.04815818313280368	0.9506267880113239	0.9473429409413976	-0.11246794166779356	-0.299820470190935	0.09247622903148112	0.9924876581068185	-0.08010240676633823
1														9.336813835839568	-2.845994781440453	-0.8077949089639563	0.3065377383287102	0.04801169232882485	0.9506468810131564	0.9473376846989743	-0.11261108677847723	-0.299783345574363	0.09266027266043919	0.9924785239662837	-0.08000283330108088
2														9.291450300412265	-2.875182764393881	-0.799855581018131	0.30657563679042615	0.04788951070778902	0.9506408226510754	0.9473035194796974	-0.11281019220329463	-0.29981644804185525	0.09288391092069426	0.9924618155371139	-0.07995075855082462
3														9.328660166520196	-3.0362239639328537	-0.8081697117030249	0.30656172684680283	0.04791870804959775	0.9506438371185941	0.9473034292562259	-0.11286722489666626	-0.29979526758026126	0.09293072985886458	0.9924539218336452	-0.0799943278296403
4														9.405538920042023	-2.9830699675776833	-0.7694157151352073	0.3065106258282144	0.04793583385554678	0.9506594511637543	0.9473344399940737	-0.11271340790610454	-0.29975514420824806	0.09278305370870171	0.9924705756397851	-0.07995912351772425
5														9.342798633879687	-2.9015991211076413	-0.7536887350935227	0.30646146072595215	0.04790710781404828	0.9506767495371964	0.9473594914086273	-0.11260214397511939	-0.2997177859423662	0.09268962794025709	0.992484592421011	-0.07989347081706408
6														9.314019609913375	-2.865078201067731	-0.7907934400729675	0.30639974726993013	0.04789362742863129	0.9506973205624655	0.9473861850557399	-0.11252034932233615	-0.29966412423563765	0.09262079268962886	0.9924945196020518	-0.07984996757317994
7														9.290836723442954	-2.839265101582346	-0.7480568598096576	0.3064325212822483	0.047900556115107185	0.9506864081412272	0.947383222412743	-0.11244354030702011	-0.299702319200354	0.09254263769448001	0.9925028901555335	-0.07983654076587496
8														9.269269549612789	-2.8012758546093552	-0.7266661288497234	0.30649894238065095	0.04795952879842885	0.9506620229697695	0.9473638121002963	-0.11244570963022352	-0.29976285611888176	0.09252138046060682	0.9924997964650611	-0.07989961310591881
9														9.336139399708884	-2.8104359899501983	-0.7553959178398141	0.306534023987451	0.04800197081030527	0.9506485696283287	0.9473393578732654	-0.1126026454552349	-0.2997812290000023	0.0926554540344493	0.9924799519561134	-0.07999069822711125
10														9.356126867519018	-2.8149340465777324	-0.7275552135008498	0.3065909325613406	0.04788839400614947	0.9506359459807314	0.9472997813420949	-0.112798234917514	-0.2998327574977647	0.09287154752876442	0.9924632284971601	-0.07994758120548326
11														9.268825716719096	-2.8483072229503117	-0.7544423571490488	0.30654225889813147	0.047698267552945095	0.9506612008397519	0.9472801407256239	-0.11311147165025356	-0.29977680024971387	0.09323185344330492	0.9924367336276718	-0.07985706762688297
12														9.259795348624346	-2.862497480780231	-0.7921183348040165	0.30646469819065647	0.04762960678096584	0.9506896493182198	0.9472830585251505	-0.11331879086787214	-0.2996892701907749	0.09345691945568085	0.9924163804543602	-0.07984692863047615
13														9.290932371199723	-2.88489372153982	-0.7746057635997268	0.3063505344778731	0.04759153112347847	0.9507283503664152	0.9473077228458912	-0.11342687505356452	-0.2995703961544198	0.09358113197463697	0.9924058596062937	-0.07983220877214614
14														9.324268757896414	-2.847808959372246	-0.7497941339345985	0.30628752618103955	0.04760631650267255	0.9507479108233403	0.947318776803029	-0.11352477681850787	-0.2994983475158435	0.09367543126301564	0.9923939558851391	-0.07986958056940502
15														9.337188351044343	-2.8530328235644955	-0.7815327078178022	0.3061703687573559	0.04763321194277975	0.9507842985740766	0.9473385927625058	-0.1137140267319828	-0.2993638434867399	0.09385784973959299	0.9923709977848065	-0.07994064546804616
16														9.313986635650705	-2.872581484560822	-0.7677720193906329	0.30604804918394135	0.04759105044637357	0.9508257903044675	0.9473595124842981	-0.11388649073543441	-0.2992320526505831	0.09404544484565608	0.9923532431273547	-0.07994057266747681
17														9.325246087066663	-2.890247921693377	-0.7778349849339211	0.3059126037950731	0.04748898176338523	0.9508744793348887	0.947387665009299	-0.11400685472249664	-0.29909705659620234	0.09420239395868296	0.9923443120647997	-0.07986660932512835
18														9.313202860528397	-2.8822960982955155	-0.7455974818096937	0.30576911620729064	0.047455312785923076	0.9509223106343669	0.9474224389723176	-0.11410520389727977	-0.29894936791253834	0.09431844838396336	0.9923346188317483	-0.07985007553215737
19														9.306461817041123	-2.836489697739904	-0.7765603678012196	0.30566643295149265	0.04750824019225752	0.9509526796221492	0.9474417670098716	-0.11425794842500636	-0.29882974976886323	0.09445702669427769	0.9923145107956166	-0.0799361105667091
20														9.350156357637086	-2.8651182360771377	-0.7915674359753451	0.3055821022018059	0.047585276189234915	0.9509759304545617	0.947461477598307	-0.11435340281910136	-0.29873072779833926	0.09453214945804506	0.9922998240217957	-0.080029569317567
21														9.361174224426625	-2.883379015371584	-0.8024147889307849	0.30553584621086916	0.04760064951243875	0.9509900235261158	0.9474818824245077	-0.11429653812370302	-0.2986877698370799	0.0944771356335471	0.9923056381674605	-0.08002244249927312
22														9.359904053195491	-2.8488404449960596	-0.7526060515002061	0.3054884177222955	0.047572473167797946	0.9510066700261501	0.9475063874629956	-0.11418670726261451	-0.2986520410131918	0.09438470402746163	0.9923196338283449	-0.0799579387204756
23														9.330892496561436	-2.8586824780471725	-0.8180669452176015	0.3053893721945673	0.04756889679186033	0.9510386592608173	0.9475476052801095	-0.11407914460265683	-0.29856236282334	0.09429139450945428	0.99233217665494	-0.07991235259164259
24														9.29867941638748	-2.8466814683855453	-0.8143064967253996	0.3052441606878208	0.047687037011902855	0.951079359920619	0.9476002230666125	-0.11404207021431206	-0.2984094895698545	0.09423279476962942	0.9923307677998603	-0.0799989229155342
25														9.330216073245248	-2.821736465056664	-0.7697467802031891	0.30509100175554704	0.04785914483659165	0.9511198572752582	0.9476528821025731	-0.1140474074615799	-0.2982401782020317	0.09419923402280911	0.9923218687032969	-0.08014869432943694
26														9.339603867709323	-2.8518918893517657	-0.7607527839891877	0.30494291785223604	0.048047642236198285	0.9511578422781923	0.9477118342638413	-0.1139744100157159	-0.29808071567586336	0.09408557832117448	0.9923211465735837	-0.08029100830639987
27														9.294755046637148	-2.833386287107458	-0.7265410933453179	0.3048433248128393	0.04821190699367023	0.9511814544770556	0.9477542214295132	-0.11390787543616346	-0.2979713604965356	0.09398129111472486	0.9923208190588629	-0.08041709384674484
28														9.296547460896068	-2.8662184672421502	-0.7765611372295577	0.3047377929247094	0.048321477825537695	0.951209709971536	0.9477861543932482	-0.11395400997300748	-0.2978521263169534	0.09400150585940398	0.9923101926271989	-0.08052452113695957
29														9.276786201315511	-2.86078023160151	-0.8052111462379528	0.3046344440576071	0.04846835080446921	0.9512353412610401	0.9478227221087908	-0.11395551015878239	-0.2977351661438959	0.09396777611497603	0.9923028573347688	-0.0806541776801375
30														9.320446259229662	-2.889452257219074	-0.8206655728607932	0.30454878331898333	0.04868278738577764	0.9512518198622689	0.9478736941469508	-0.11376711477800358	-0.2976449286302422	0.09373099019609443	0.9923139774322642	-0.08079276990807976
31														9.375383435943249	-2.844155535615317	-0.7897780154232806	0.30447944158480256	0.048789933831100474	0.951268527813763	0.947910809350536	-0.11363724541847309	-0.2975763330140923	0.0935808055565831	0.9923235958146208	-0.0808487106942494
32														9.350254811502339	-2.877123297195389	-0.7550542494502158	0.30440428330664693	0.04884882409770086	0.9512895588036479	0.94795368257559	-0.11345010969938019	-0.2975111565984992	0.09339083464636522	0.9923421108637238	-0.080841122027003
33														9.363252902481035	-2.836315957278599	-0.7582337780022593	0.3043512964134144	0.04897882143473886	0.9512998283518916	0.9479911358279615	-0.11326861344586892	-0.2974609681952614	0.09318312488367164	0.9923564360948716	-0.0809049379086331
34														9.408512306581843	-2.8531544166742746	-0.7935260154876036	0.3043597243892705	0.04904002529663576	0.9512939787934083	0.9480103343349283	-0.11305494954131898	-0.29748106557962345	0.09296001379015445	0.9923777780175835	-0.08089982406049567
35														9.364887070163931	-2.869860129519879	-0.8075393997200492	0.3043563098005252	0.04911300492342757	0.9512913062947641	0.948010572875285	-0.1130866224405099	-0.2974682664447961	0.09296876035142865	0.9923705601096748	-0.08097827502688407
36														9.330463227863746	-2.871747412526284	-0.7837713098317836	0.30441552727059507	0.04925147190305651	0.9512651992330786	0.9479961340161294	-0.11308636220025683	-0.2975143770892188	0.09292209988500633	0.9923637272692385	-0.08111544953500627
37														9.37189571823037	-2.9144880807633706	-0.7788297838095709	0.30449660004196993	0.049462914022613935	0.9512282800144625	0.9479745164720402	-0.11311253311593367	-0.29757330352654093	0.09287699759619	0.9923502279883292	-0.08133196375982205
38														9.342460538939756	-2.8792383046995167	-0.8179594478696388	0.30459746893105666	0.049594766561422365	0.9511891194975436	0.9479623471317032	-0.11294636572868316	-0.29767517009188893	0.09267022359607469	0.9923625736586406	-0.08141714844093323
39														9.296981455616352	-2.8630626846044778	-0.7829802208129825	0.30472145769863135	0.049668894850332934	0.9511455378134135	0.9479437805877455	-0.11275251466861488	-0.29780775557549866	0.09245226910700133	0.9923809103969353	-0.0814414305910465
40														9.307378386016905	-2.8834394493939928	-0.7935768455676903	0.30485443894734343	0.04974490538611215	0.9510989514462878	0.9479254916084112	-0.11252524000553554	-0.2979518966555665	0.09220104887176289	0.9924028994061957	-0.08145828280244694
41														9.312510433012791	-2.8001573615248776	-0.828059644010787	0.3049811473489573	0.04987498871329066	0.951051515567145	0.9479042560724636	-0.1123670031742546	-0.2980791470689404	0.09200011457288226	0.9924142996241474	-0.08154653162514239
42														9.296262511352962	-2.8195811180435055	-0.7550682362562169	0.3050215293949631	0.049949224098938705	0.9510346689881881	0.9479155284916543	-0.11213178004561627	-0.29813187476046604	0.09174975449529171	0.9924371712686484	-0.08155025220278703
43														9.341598356980532	-2.790538254625019	-0.7616487030006223	0.3050635936242667	0.04996431120547046	0.9510203843508356	0.9479203796501383	-0.11194118313179835	-0.2981880704572045	0.09155958545660758	0.9924579281384255	-0.08151136844758577
44														9.32876895719079	-2.8309482380415925	-0.757625730535317	0.30510698044599915	0.049927850383014505	0.9510083807408092	0.947915849637341	-0.11183132752718544	-0.29824368591778333	0.09146186357954184	0.9924721476896159	-0.0814479193774684
45														9.330514564446535	-2.8185566363879344	-0.7777370053453235	0.30514362489436286	0.04991685460956208	0.9509972007383707	0.9479121884248893	-0.11174285574159296	-0.29828847987518914	0.09137752033112934	0.9924826657511968	-0.08141441494927457
46														9.373870895933774	-2.848729097947481	-0.7912468637153293	0.3051660679807422	0.04987922436858744	0.9509919736409772	0.9479231887473278	-0.11153490411896325	-0.29833134833314384	0.09118826233825794	0.9925079486530886	-0.08131834154830789
47														9.37552346529967	-2.8367273421418706	-0.8111460780979456	0.3052525365130132	0.04985482052324092	0.9509655019100154	0.9479055599999111	-0.11142376796872522	-0.2984288746969824	0.09108204144411308	0.9925216575985875	-0.08127004936706847
48														9.35021747177185	-2.8245965769819694	-0.7477711407568182	0.3053794870778025	0.04991784565742596	0.9509214360592675	0.9478809132503776	-0.11127773708302519	-0.2985616176358088	0.0909128328000402	0.9925348728959613	-0.0812981114028451
49														9.364073415960371	-2.819972086168245	-0.800048318444797	0.30554419898206353	0.04992349499050397	0.9508682280507337	0.9478318550105518	-0.11125032976113611	-0.29872753263684076	0.09087088145091043	0.9925376611373351	-0.08131097175881608
50														9.372624457033393	-2.853218482995662	-0.789835316701344	0.3056866318843102	0.04997841287311533	0.9508195629739171	0.947794603022286	-0.11118555174372949	-0.29886981039454236	0.09078035893877862	0.9925421559460972	-0.0813572068154976
51														9.337756548679382	-2.856758527481341	-0.7651574715368357	0.3058864687803513	0.04996818930543556	0.9507558299977041	0.9477361647085067	-0.11113421597576115	-0.2990741515796092	0.09071730992868643	0.9925484200264434	-0.08135111297526065
52														9.335584700645462	-2.870741798994157	-0.7440972970466241	0.30601641034421995	0.04998992915773348	0.9507128712617936	0.9477012719130525	-0.11107546812803046	-0.2992065166311092	0.09064356466082635	0.9925539014899617	-0.08136643547947103
53														9.32627586811097	-2.8400718814740378	-0.754165189980167	0.30614063620767173	0.05001735530198054	0.9506714337934834	0.947673757463606	-0.11095708524341152	-0.2993375597032502	0.09051165823899449	0.9925657607447891	-0.08136860770558696
54														9.331308330295283	-2.8032797962492433	-0.8163387192335697	0.3062108875520213	0.05002078676461674	0.9506486276411769	0.9476643492579773	-0.1108186219049759	-0.29941862698325444	0.09037241553736808	0.9925810566047146	-0.08133678490947707
55														9.336742993478724	-2.8605490776193414	-0.7633621096020405	0.30622459672811897	0.04998084907116773	0.9506463122974946	0.9476841750025917	-0.11054048535707625	-0.29945868754584287	0.09011770529900104	0.992614082019365	-0.08121627526853992
56														9.315052550106783	-2.8689681999206114	-0.7683508561650412	0.30618336186521233	0.049894825097433426	0.9506641127892721	0.9477335305083607	-0.11011196864132528	-0.2994603638415119	0.08973797449839965	0.9926660368877487	-0.08100145148388557
57														9.349744184947232	-2.8667962053086553	-0.7903601348210372	0.30610159718873475	0.04975467649692045	0.9506977881352163	0.9477895810619831	-0.1097320938434343	-0.29942240666170383	0.08942439392501655	0.9927151352464728	-0.08074613318123017
58														9.364126597107969	-2.907060278534536	-0.8681340088555487	0.30600326124855626	0.049606494196131334	0.9507371875754191	0.9478440567768454	-0.10942409952766574	-0.2993626738178502	0.08918322789662209	0.9927565472844434	-0.08050335201599049
59														9.306712423564013	-2.9289361946612247	-0.8263735538572985	0.3058736929871533	0.049335514476160136	0.950792980069675	0.9479033095830359	-0.10913305973998341	-0.2992812906837259	0.08899775064532983	0.9928020861597553	-0.08014622946159036
60														9.250821835413474	-2.985113421120784	-0.8327400896421583	0.3057460637063099	0.049007146509183974	0.9508510104738414	0.9479607053932757	-0.10883733775551938	-0.2992071772878698	0.08882480260817227	0.9928508113011336	-0.07973343677718187
61														9.242480631066579	-2.952501606844369	-0.8390388781330383	0.30560167118422943	0.0487570295399829	0.9509102852739806	0.9480285900576606	-0.10850730446287063	-0.2991119477912671	0.08859690176687834	0.992899248135801	-0.07938307154973898
62														9.23407277770022	-2.9198475518803026	-0.8462337955521664	0.3054756347067276	0.04863571312027648	0.9509569937751153	0.9480961681222172	-0.10815551486402922	-0.29902515044133954	0.08830794184268453	0.9929435794715527	-0.07915020779334775
63														9.28022164134856	-2.8428728159767402	-0.8229305223535682	0.3053967515578443	0.04855119308477718	0.950986648585542	0.9481491696242447	-0.10781132561364623	-0.2989813877322194	0.08801122814034446	0.9929851457698011	-0.07895900203115039
64														9.290046635819328	-2.7804844267349487	-0.754339798708244	0.3053641275207641	0.04841826200891014	0.9510039019517842	0.9481797900084241	-0.10753949208754801	-0.2989821791698172	0.087794279102132	0.9930211123362828	-0.07874792067952147
65														9.384750038365487	-2.7908349965874297	-0.6930157947074618	0.3053779448433923	0.04824877986656856	0.9510080788534939	0.9481897774285859	-0.10732395579401369	-0.29902794935031246	0.08763821531246763	0.993052679244214	-0.07852336889572153
66														9.43014680093601	-2.8082558404205122	-0.7255180384171713	0.30529652590152473	0.04804551463825579	0.9510445098919427	0.9482186014656121	-0.10722348732565207	-0.2989725867037396	0.08761001716161793	0.9930733871617301	-0.07829260887255024
67														9.421462911536626	-2.7761763190292856	-0.7333660302576906	0.3052498761443154	0.04780206824086325	0.9510717509135556	0.9482205084244422	-0.10729144807762805	-0.2989421558975889	0.08775181204495319	0.9930777952614296	-0.07807760268813146
68														9.356441992235377	-2.8006688138492164	-0.7519316250325375	0.3051631082541719	0.047527562943080526	0.9511133518783892	0.9482131558319962	-0.10759613106485724	-0.2988559580918559	0.08813222150711747	0.9930580060301442	-0.0779006302391374
69														9.26974006519637	-2.833014483741755	-0.7782911271237759	0.30502395473298993	0.0473527529484431	0.9511667066436095	0.9482125710561005	-0.10803895839545877	-0.29869801398737755	0.08861888698367959	0.9930182779068206	-0.07785494597484341
70														9.252082372358732	-2.8149140289156596	-0.8262906846500125	0.30491669879951866	0.04719635971440478	0.9512088679269726	0.9482081137654843	-0.10841613254507587	-0.2985754765436565	0.08903471111036798	0.9929846151042208	-0.07780986045364857
71														9.263319530620908	-2.832786477063201	-0.8365374004404863	0.3048421533860596	0.047140065112808716	0.9512355522057147	0.9481976704826016	-0.10877507533674635	-0.29847807403032744	0.08940044300963279	0.9929480335076182	-0.07785732812674795
72														9.260045608076187	-2.8566835193289464	-0.794751493418383	0.3047399939432575	0.04709284280389697	0.9512706240855495	0.9482073430076707	-0.10900844420940237	-0.2983621855352639	0.08964580725163368	0.992924681558321	-0.0778730119778982
73														9.292694672800643	-2.9135038920088183	-0.8266201206219935	0.30474933062265464	0.04706932094353827	0.9512687971919179	0.9481695333289875	-0.10938661778315917	-0.2983439356123257	0.09001322987058302	0.9928842061770726	-0.07796519462164098
74														9.325136823542664	-2.9708108758899483	-0.8591156336243438	0.3047771343343414	0.04706947964663366	0.9512598816689071	0.9481189928158287	-0.10984683720426491	-0.2983354618849719	0.09045039440956892	0.9928333880576419	-0.0781062718937382
75														9.341489942305746	-2.9997556980693862	-0.7904337401963566	0.30479172534620025	0.0471188407456396	0.9512527629433064	0.9480975401532152	-0.11004738320430055	-0.2983297300057591	0.0906259262899406	0.9928088377410194	-0.0782147888024852
76														9.363361864159318	-2.944693775457054	-0.7560406733008245	0.304843732633049	0.04724426855895292	0.9512298764035332	0.948093519849371	-0.10995196922225481	-0.29837768362225064	0.09049296267656254	0.992813448515117	-0.07831015357883286
77														9.385067363379054	-2.890289245305733	-0.7212835901843399	0.30495865294052504	0.04737712866308619	0.9511864316086212	0.9480934562913432	-0.10959791714946163	-0.2985081149550795	0.09010559435593163	0.9928462641497633	-0.07834077884233218
78														9.381256951003737	-2.775509388945077	-0.7665625313392015	0.305114288637502	0.04757655043520237	0.9511265650363876	0.9480862404226966	-0.10920051650398044	-0.29867662767016173	0.08965350852246473	0.9928805159957317	-0.07842531074635165
79														9.439118881091261	-2.7070288626232175	-0.7777112515009299	0.30520957885416067	0.0477516943020882	0.9510872140171718	0.9480812367111879	-0.10897906720243705	-0.2987733781779611	0.08938166239139983	0.9928964390121291	-0.07853394059375346
80														9.444573817945079	-2.7173575987906617	-0.6978004556480326	0.3052317623907926	0.047804873654018976	0.951077423390301	0.9480937365995578	-0.10877924749563464	-0.2988065292709848	0.08917307804768865	0.9929157916808489	-0.07852638271494533
81														9.359436686301072	-2.691508893643976	-0.7182004347738208	0.30515019021889156	0.04783600833153878	0.9511020332836426	0.948123221421074	-0.10874603334982724	-0.29872505290451185	0.08913875931097187	0.992917930413981	-0.07853830308147361
82														9.334371906157992	-2.7237373757701167	-0.6834590891998221	0.30502139755836943	0.047902107801823635	0.9511400186616485	0.948159603062035	-0.1088119959842763	-0.29858552652659137	0.08919256781135476	0.9929075171424879	-0.07860883060545151
83														9.365667273750267	-2.7452858780768215	-0.6664319450167836	0.3048714335425532	0.047871659992244686	0.9511896305045043	0.9481778340719589	-0.10912282139874707	-0.2984141498397587	0.08951091544787959	0.9928748732944972	-0.07865927787691981
84														9.24820171638134	-2.753965436081024	-0.711102909903057	0.3046149164886384	0.047752957685810116	0.9512777763013687	0.9482326494059982	-0.10936933455625941	-0.29814961220702924	0.08980309155647603	0.9928534653668575	-0.07859644429566115
85														9.27999081150219	-2.7278934957035084	-0.6650244246560229	0.30437201589954377	0.047678282032036834	0.9513592682891792	0.9482844507521143	-0.10961410386614912	-0.2978948618143366	0.0900792784107951	0.9928300608140828	-0.07857603925431622
86														9.280644790363727	-2.7720570580765718	-0.6927341890889854	0.30408833504980726	0.0476530297207956	0.951451245858171	0.9483516607030749	-0.10984359573909938	-0.2975962232905953	0.09032946434224409	0.9928059091451535	-0.07859398601743628
87														9.266942824362687	-2.821826694267481	-0.6687818018569535	0.3038066682097813	0.047718105717856285	0.9515379607445895	0.9484183103756427	-0.11009883065649542	-0.29728934732392265	0.09057713229885006	0.9927745110924093	-0.07870548411479836
88														9.311226787512963	-2.848877271257603	-0.6834848601484524	0.30358803517191857	0.047766301817989854	0.9516053201359725	0.9484774578887685	-0.11021390029456427	-0.2970579203770191	0.09069077559108984	0.9927594253355103	-0.07876488196013517
89														9.369960553673025	-2.823746930373444	-0.7213907197349458	0.3033938954465836	0.04763103729947721	0.9516740137733739	0.948520218192225	-0.11036655721285393	-0.2968646471534731	0.09089301340764222	0.9927489649124588	-0.07866354161185804
90														9.386850593238751	-2.8034306479647673	-0.7931335531504233	0.30321101324671307	0.04744244747308468	0.9517417168663282	0.9485512031597656	-0.11059175162801418	-0.2966817814696576	0.09117947373210539	0.9927329342021509	-0.07853422769929738
91														9.410887489604123	-2.874410306072727	-0.8615043600277744	0.303081842391427	0.04720258376750597	0.9517947850762214	0.9485585761150265	-0.11087432408466799	-0.29655271358967894	0.09153154915793982	0.992712848886545	-0.07837841006494095
92														9.507715939355517	-2.8707264664906016	-0.821178911910238	0.3029695572597233	0.04694738887098049	0.951843154123643	0.948571740648203	-0.1110311046464017	-0.29645192973674306	0.09176655282555979	0.992707427432271	-0.07817201099701235
93														9.522733590128396	-2.9583502736848244	-0.7560255596833357	0.3029194637309208	0.046612932166111676	0.9518755344307622	0.9485694210754168	-0.1111206022614104	-0.29642581728606304	0.09195570615040871	0.9927131742391351	-0.07787619532591958
94														9.4630883083292	-2.9461484384703254	-0.8364060606672808	0.30294852306869585	0.04622405494374088	0.9518852499724186	0.9485250290825202	-0.11138027785749821	-0.29647040814960024	0.09231717919488175	0.9927022566958054	-0.07758716373573388
95														9.419701943551557	-2.963580609517308	-0.846903376394264	0.30300021572628255	0.04580094870291712	0.9518892490031283	0.9484851469492619	-0.11150386026886686	-0.29655153879516266	0.09255698399615303	0.9927079944490496	-0.07722721327668178
96														9.298165173482662	-2.860117347961028	-0.7630686568935171	0.30311687537816256	0.04551515060350003	0.9518658156098059	0.9484235531715264	-0.11168516018840804	-0.296680280408367	0.09280583845037538	0.9927007585668659	-0.07702129764092833
97														9.216191724192125	-2.905398595833121	-0.7093301591045879	0.30326775632916236	0.045342397869488016	0.9518260003417229	0.9483476587725899	-0.11193947597937609	-0.2968270065509725	0.09308805547235449	0.9926800192775659	-0.07694799058759177
98														9.224898496669717	-2.938369497137561	-0.6980507655220998	0.3034184622815417	0.045220261547060214	0.9517837804314173	0.9482872472188257	-0.11204418479994205	-0.29698046638568387	0.0932123034199166	0.9926737775312351	-0.07687807160056434
99														9.284452074721969	-2.904411756728437	-0.7560619474622624	0.3036121596496451	0.045089430412675935	0.9517282173908365	0.948217656227134	-0.11210054139766326	-0.29718133359528454	0.09328951137185493	0.992673366159993	-0.07678968149816295
100														9.285812894304225	-2.89382047790876	-0.7753794901700002	0.30382236173361804	0.04485695280348989	0.9516721212139148	0.9481355362538886	-0.11220289267418262	-0.2974046330642765	0.09343969928867307	0.9926723349931392	-0.07662021884666609
101														9.218263637606222	-2.886912342938511	-0.7452141162432141	0.3039809575135185	0.04457409461463985	0.951634765841628	0.9480739196574175	-0.11224228360180918	-0.2975861432212065	0.09354902636898949	0.992680623292878	-0.07637905343926399
102														9.261499541573933	-2.9183330753857764	-0.7565233895558571	0.3041410245960614	0.04428756406236628	0.9515969991688082	0.9480187121420327	-0.11220714083658262	-0.29777521551304775	0.09358823957218482	0.9926974207756873	-0.076112234227345
103														9.281117607853604	-2.92405420985085	-0.7258096514851388	0.3043034533436416	0.04401027364193372	0.951557935228905	0.9479606130054838	-0.11219726651884016	-0.2979638393764723	0.09364872916063494	0.9927108688836157	-0.07586202163754655
104														9.337185826197787	-2.9150950551542394	-0.7406058207992693	0.3043920243364189	0.04379544522804629	0.951539518095625	0.9479284458440542	-0.11217690556156926	-0.298073822094975	0.09368648291003917	0.9927226706567691	-0.07566070369775166
105														9.306327307248427	-2.892752681832183	-0.7557089949183955	0.3044633842564309	0.04353342678039046	0.9515287112850972	0.947886999744924	-0.11229688306653843	-0.29816043628910144	0.0938737629036357	0.9927206307951382	-0.07545505835936656
106														9.299108615870113	-2.8494796605105663	-0.7848110030396259	0.3046095263967091	0.04334084074486372	0.9514907293042334	0.9478336919526835	-0.11231581490194736	-0.29832272813558486	0.09393789878275544	0.9927269157459371	-0.07529237627968005
107														9.287987445577034	-2.831552583463696	-0.7728215765064573	0.3047404374199737	0.04322967761902752	0.9514538668658814	0.9477852225416838	-0.11235928044194349	-0.29846032237163406	0.09400232833655836	0.9927268441376631	-0.07521286589262663
108														9.29669117828528	-2.864290675781083	-0.7618580847631622	0.30480113727453584	0.04324984258513537	0.9514335067846365	0.9477714652625748	-0.11230976806190088	-0.2985226383909839	0.09394421935479413	0.9927315685089516	-0.07522311171159621
109														9.320070488651115	-2.7977490769528837	-0.7471953451013519	0.3049740835530801	0.04325461070237191	0.9513778676288123	0.947727499379617	-0.1122021855113754	-0.2987026221614563	0.09382641035773309	0.9927435259015582	-0.0752123427365822
110														9.308704528339423	-2.826956753077546	-0.7643902948755167	0.30514055627216974	0.04322639723657212	0.9513257693870469	0.9476758579314968	-0.11218653103926832	-0.29887229805918214	0.09380676527688242	0.9927465239603316	-0.0751972735740235
111														9.306291109696728	-2.887832464396483	-0.7712631665910631	0.3053095340381268	0.04321384148442409	0.9512721231748469	0.9476261119585788	-0.11214704335163994	-0.2990448003255571	0.0937594814388863	0.992751532142683	-0.0751901261381219
112														9.284014817780182	-2.897918844543019	-0.778139969543539	0.3054631929854592	0.04328787411561813	0.9512194266759268	0.9475979848073508	-0.11195627738439218	-0.2992053661672488	0.09354302176098717	0.9927698383355429	-0.07521802424315624
113														9.291190441828292	-2.849176633106104	-0.8618598425974119	0.3055803214903089	0.04344441097817675	0.9511746686453755	0.9475890151419416	-0.1117091573287815	-0.2993261140482397	0.09325087399164556	0.9927908376509393	-0.07530356682217276
114														9.337773742896351	-2.8556316396291064	-0.7471299705504107	0.30564635355721914	0.0435991482563966	0.9511463719262633	0.9476012408259573	-0.11140578853325914	-0.2994004653743709	0.09290960629710254	0.9928181427394449	-0.0753653800170736
115														9.30490411218903	-2.845659681795937	-0.7437133897114813	0.3057331474606215	0.04368008923122674	0.951114762974781	0.9476025931645808	-0.11112432083754126	-0.2995007691912612	0.0926097617510363	0.9928461286237396	-0.07536575419425612
116														9.29765375455866	-2.8021207653773916	-0.7750439022460743	0.3058186066323817	0.043827975120029894	0.9510804847300288	0.9476046923265747	-0.11085932608386265	-0.2995923178268918	0.09230561693681538	0.9928692353059942	-0.07543443951408443
117														9.359033940908093	-2.8023112263777183	-0.7125227919547517	0.3058827478249281	0.043989055621636575	0.9510524210413371	0.9476203109095308	-0.11052393033848074	-0.29966682694996394	0.09193199081275477	0.9928995033778857	-0.07549228607713729
118														9.318993925752412	-2.7950376296571826	-0.7684732728482674	0.3059668735574641	0.04411326016470857	0.9510196068237038	0.947632274186416	-0.1101466020318588	-0.2997679085244404	0.09152783841953616	0.9929359225743002	-0.07550436050832587
119														9.329564008001844	-2.8151500141061088	-0.7788693695918995	0.30604953297762605	0.0442121027243878	0.9509884191391954	0.947633927661569	-0.10987663474381726	-0.2998617419446551	0.0912338890373866	0.9929614368695608	-0.0755245813033868
120														9.32556159703552	-2.840760778454792	-0.7372945949304641	0.30608529502940685	0.044383430191547946	0.9509689286675951	0.9476526651249138	-0.10960342176874247	-0.2999025111902728	0.09091874640804015	0.9929839883205648	-0.07560807159672403
121														9.336151125693148	-2.860541527802007	-0.7486241805278253	0.3061645381578853	0.044641231414889126	0.9509313519031394	0.9476661523998711	-0.1092635005644082	-0.2999839179690089	0.0905104368025823	0.9930098931542299	-0.0757575932011561
122														9.27252517231982	-2.827064078204517	-0.7639386092483634	0.3061962352672558	0.044941542678602064	0.9509070003159225	0.9476978770672955	-0.10889935152056696	-0.30001610796845646	0.090069968970239	0.9930363482673061	-0.07593557604728365
123														9.326718859363732	-2.8296517532368353	-0.7621275907997528	0.3062466081788874	0.04528860649214267	0.9508743119366128	0.9477234121629978	-0.10855096898798808	-0.30006169560590895	0.08962895189084463	0.9930587239704249	-0.07616443874394363
124														9.324746172444328	-2.795555134145107	-0.7151288032268783	0.3062803547973323	0.045620299356380734	0.9508475863942941	0.9477565729050474	-0.10816896388489192	-0.30009490793305504	0.08916177869748954	0.9930852247107009	-0.07636696720963021
125														9.313449749411689	-2.8237525503353686	-0.7346172959249324	0.3063756037146844	0.045939960835332916	0.950801508963312	0.9477483467904191	-0.108026287007364	-0.300172271323369	0.08892165430585691	0.9930860190909199	-0.07663614083224027
126														9.336741669976233	-2.8034947052310613	-0.7508491888623305	0.30645575153730903	0.046261038292079615	0.9507601110089987	0.9477494574653844	-0.107832157503995	-0.3002385579536788	0.08863316661258414	0.993092212306679	-0.07688965881088006
127														9.354489328918525	-2.8205315504005677	-0.7040235036141894	0.30653697398062374	0.04656313101061377	0.9507191795758048	0.9477577086109226	-0.10754689307433557	-0.3003148207442174	0.08826329560681717	0.9931090275596866	-0.07709766551639399
128														9.347086298461619	-2.7769752596617594	-0.7372394521898298	0.30662543605086623	0.04683989826116086	0.9506770565746818	0.9477568578299693	-0.10732892621784945	-0.30039547272418604	0.08796465428159211	0.9931195927620238	-0.07730261359949261
129														9.335769764768912	-2.805118192113055	-0.7568467537503003	0.3067089544956192	0.04713094133638679	0.9506357302357984	0.9477365028463227	-0.10735270172959474	-0.3004511917166884	0.08789276651025241	0.9931032533428246	-0.07759374842776648
130														9.340790964781549	-2.861892405309986	-0.7067026121109866	0.3067734673214312	0.04735683373023725	0.9506036871623385	0.9477245765846972	-0.10732840252261586	-0.30049748908984086	0.08779616554806086	0.9930951335652538	-0.07780674137931409
131														9.298822212157933	-2.866460292773462	-0.7435084034474542	0.30680426643002146	0.04761708043569174	0.9505807465708093	0.9477228208971176	-0.10732035585274172	-0.3005059000593014	0.08770745037422045	0.9930835588561628	-0.07805413684380802
132														9.28788344228235	-2.8469693962233324	-0.7358284734527206	0.3067898423442066	0.048019693149410736	0.9505651485849111	0.9477373850340727	-0.10733427652135005	-0.300454991791478	0.08760046599873555	0.9930626677876253	-0.07843912418767551
133														9.320414382025858	-2.8571738644844302	-0.7425783559555155	0.30677156524582094	0.04835231479236096	0.9505541859414697	0.947746677000957	-0.10739954363223433	-0.3004023539542121	0.08756393658506362	0.9930394713614402	-0.07877287177651163
134														9.329147178345954	-2.9351519554884558	-0.7623719795010101	0.3067261292431328	0.04858327161907844	0.9505570721205081	0.9477653686129102	-0.10742335986336088	-0.30033485947139477	0.08752078437468747	0.9930256227683425	-0.07899509369565774
135														9.342253491314455	-2.8475410336352636	-0.7399228676722929	0.3067130643842251	0.048812582311320796	0.9505495399736612	0.9477736086845796	-0.10744913726702532	-0.300299633002742	0.08747732744573194	0.993011588406033	-0.07921933144302415
136														9.331517224594188	-2.8275709279278205	-0.7316200364041483	0.3066500915426298	0.049047354289445566	0.9505577722548498	0.9477814600685766	-0.10765985668501274	-0.3001993657702163	0.0876129288813835	0.9929771962617111	-0.07950007796887693
137														9.322389221042492	-2.841853209125664	-0.7723692688939844	0.3066091291077732	0.04920505952117099	0.9505628354113633	0.9477597515705005	-0.10810143290107951	-0.30010920263756713	0.0879903133918487	0.9929214179995571	-0.07977946118489915
138														9.342214667172595	-2.892008672314228	-0.7745650119517307	0.3066029374604401	0.04935508683641415	0.9505570546495352	0.9477411370150937	-0.10838061168327237	-0.30006729282028904	0.08821210772885335	0.9928835371857718	-0.08000566002167242
139														9.333179405237797	-2.8599474574754704	-0.7869668096571363	0.306619449912935	0.04949888101742056	0.9505442513176927	0.9477097447431297	-0.10872020105560631	-0.3000435928350097	0.08849154001373072	0.992839251168311	-0.0802463001361838
140														9.387386959779281	-2.908552876020585	-0.8134300392699314	0.3065588027899064	0.049620569989547114	0.9505574677345567	0.9477050746384365	-0.1090253531028118	-0.2999476018996717	0.08875129259101522	0.9927997136455675	-0.08044834770649023
141														9.441998177611666	-2.9099634414938342	-0.8112420618646831	0.30650768375056536	0.04960185971743264	0.9505749288269897	0.9476876343668394	-0.10939418654050079	-0.2998684038362939	0.08911334058404463	0.9927600754783178	-0.0805372278281157
142														9.416923716081744	-2.9422599994044227	-0.776423819077483	0.30635741129339467	0.04952458375209845	0.9506273992210577	0.9477057424146216	-0.10969543847969018	-0.2997010786952569	0.08943691821592398	0.9927306917693897	-0.08054074297588923
143														9.395545498229097	-2.949403645301226	-0.7829711553149586	0.3062468885569178	0.04941366978312878	0.9506687816941142	0.9477057737785829	-0.11004598229906579	-0.2995724422015008	0.08981430618751457	0.9926974216841696	-0.080530859834338
144														9.341739975725945	-2.89903932533071	-0.7580643236975689	0.3061731111091434	0.04932426136292656	0.9506971880019152	0.9476926940561696	-0.1104184223086235	-0.29947675977850574	0.09020301362097893	0.9926605105754309	-0.0805513940153571
145														9.363868098269684	-2.889648452815503	-0.7508591742461734	0.3061250084730403	0.04920538882677167	0.9507188379840738	0.9476730666294606	-0.11076292025080109	-0.2994116468720428	0.09057172832896121	0.9926280296303954	-0.0805379216244369
146														9.34218346697706	-2.897883563830354	-0.7570173202205223	0.30615750709930856	0.049012209114660976	0.950718351671218	0.9476274445011014	-0.1110891157462961	-0.29943519297340154	0.09093848071663058	0.9926011342530325	-0.08045608121543238
147														9.289495173091675	-2.883527165933387	-0.78036568484847	0.3062437079353981	0.04879505849533955	0.9507017585007482	0.9475452907052044	-0.11161918653629549	-0.2994980455017447	0.09150253227298172	0.9925523661063995	-0.080418201448552
148														9.302180972215224	-2.844042821856783	-0.7829296424582717	0.3063515881898165	0.048551745484488484	0.9506794582949538	0.9474556795389971	-0.11214398252578728	-0.2995854844490189	0.09206758236683821	0.9925051411421835	-0.0803561141635164
149														9.254776544667525	-2.886718440148194	-0.7540583743007161	0.30644529646812446	0.048298804181741095	0.9506621407141327	0.9473715322699265	-0.11265122865278199	-0.299661276323035	0.09261997687915402	0.9924600375821853	-0.08027835128646144
150														9.29625803704552	-2.9298038985461092	-0.7463125879910862	0.3065065120605829	0.0481039107339154	0.9506522875565807	0.9473103005738417	-0.11303809998079839	-0.2997091629887706	0.09304274550524705	0.9924255144467192	-0.08021624389119253
151														9.296272027017352	-2.8839003946087036	-0.7171079265817274	0.3066316793897319	0.047919685449513916	0.9506212268517111	0.9472446031138799	-0.11325937190989815	-0.29983324789990096	0.09329884815077222	0.9924091990812031	-0.08012057484032506
152														9.334404042141648	-2.811162248119474	-0.754017296672819	0.30669948344240855	0.0477734841137078	0.9506067120906507	0.9472031692656748	-0.11342624656382613	-0.29990105488894775	0.09349643302940086	0.9923971890357608	-0.08003896678930417
153														9.385385689970745	-2.79205857208373	-0.6793439875182404	0.306703560342235	0.04752897323861688	0.950617653305618	0.9471647311810514	-0.113742653447305	-0.2999026188506752	0.09387171075528633	0.9923727150066397	-0.07990304393592737
154														9.354999295151183	-2.721787625692617	-0.6666966048667446	0.30666328115255936	0.04726826466339362	0.9506436467722579	0.947140733915758	-0.11404765267981382	-0.29986257364956925	0.09424469295543997	0.992350162026457	-0.07974392626275015
155														9.335401567314008	-2.7168581418396722	-0.6927883256712202	0.3065509867077259	0.04700469554110531	0.9506929321003746	0.947125286487789	-0.11449858740278551	-0.2997394955260154	0.0947638340504603	0.9923107537862595	-0.0796189906756054
156														9.34499145696772	-2.746914695196704	-0.6806059227818553	0.3063639862049481	0.04666968179882175	0.95076971384106	0.9471262772965701	-0.11499787399705905	-0.2995451615875262	0.09535681837684762	0.9922688293889681	-0.07943328906756689
