// Start Time: 1748431178.2324173
// Update Rate: 100Hz 
// Filter Profile: 46.1 human
// Option Flags: AHS Disabled ICC Disabled 
// Firmware Version: 4.0.2 
PacketCounter	SampleTimeFine	Year	Month	Day	Second	UTC_Nano	UTC_Year	UTC_Month	UTC_Day	UTC_Hour	UTC_Minute	UTC_Second	UTC_Valid	Acc_X	Acc_Y	Acc_Z	Mat[1][1]	Mat[2][1]	Mat[3][1]	Mat[1][2]	Mat[2][2]	Mat[3][2]	Mat[1][3]	Mat[2][3]	Mat[3][3]
0														9.145178172862025	-3.1787736598183116	2.0076386878287726	0.09841725424441455	-0.3650101158320961	0.9257870486279389	0.7255108121596391	-0.6104380864561206	-0.3178040340260808	0.6811373617020657	0.7029459139535768	0.2047411452286021
1														9.189852831433377	-3.1848772774318523	1.9443836935326444	0.09864904281694503	-0.36496501594140757	0.9257801593738055	0.7256526186249099	-0.6102250315516015	-0.3178894272395012	0.6809527468437966	0.7031542846393921	0.20463970425885877
2														9.157678407646717	-3.152308927839952	2.0226138893607293	0.09870563217247386	-0.3649405632823056	0.9257837671122914	0.7255997889119118	-0.6102679127474653	-0.3179276977582177	0.6810008403140343	0.7031297603871174	0.20456391556072048
3														9.215104884842082	-3.130307999974993	1.9757699635158286	0.09876490323933607	-0.3649256087778294	0.9257833407154484	0.7255806912470826	-0.6102717497127792	-0.31796391617903697	0.6810125948743763	0.703134191716371	0.2045095451606968
4														9.25469575463369	-3.0718037557529283	2.027134470393389	0.09880425654043662	-0.3649351088574234	0.9257753967419491	0.7254146969868572	-0.6104258804748072	-0.31804679190651153	0.6811837023042748	0.7029954557248419	0.20441661611831863
5														9.202186565586718	-3.1595262952910903	1.9583216633578278	0.09888209340378357	-0.3649449518670046	0.9257632060688498	0.7252278169425336	-0.6105877204283319	-0.31816230008425056	0.6813713709401451	0.702849783217526	0.20429203874410812
6														9.158631909868205	-3.239176613444314	1.9431368403215494	0.09881148591682154	-0.36497965076098415	0.9257570657474347	0.7250522004072564	-0.6107819220378666	-0.31818980247067224	0.6815684829388061	0.7026630047484497	0.20427702960042965
7														9.119168835793387	-3.237944848121162	1.9722924191552245	0.0987953983907831	-0.3649768944935788	0.9257598693736023	0.725096272041738	-0.6107431317050179	-0.31816383098385165	0.6815239288007283	0.7026981525242328	0.20430477456743298
8														9.069486599655535	-3.1595378065878847	2.0260536724269	0.09868401513934688	-0.3649688289754953	0.9257749289283187	0.7251360732205796	-0.6107443286962723	-0.31807081016587935	0.681497718609693	0.7027013012949359	0.20438136091187067
9														9.104016332170346	-3.087518726906566	1.9884910379787857	0.09863570418415785	-0.36497467554836993	0.9257777725072349	0.72519641362489	-0.6106972126772949	-0.31802370366653576	0.6814405032911479	0.7027392123942887	0.20444177615585832
10														9.08104922316013	-3.0382521929855164	1.9968727863260596	0.09859726516414863	-0.36495609208863933	0.9257891931479536	0.7251286403861564	-0.6107870957875325	-0.3180056265400904	0.6815181833185924	0.7026707439952371	0.2044181776146764
11														9.139771234357925	-3.108068369374639	1.997315714503023	0.09857351379097457	-0.3649445831502822	0.9257962592321093	0.7250695316815758	-0.6108603977086114	-0.3179996049342465	0.6815845043763543	0.7026129985564907	0.204395542156613
12														9.1090995547373	-3.1591161845957	1.9988539945592871	0.0985091601749043	-0.364931685714148	0.9258081929446647	0.7249838609108556	-0.6109759114822317	-0.31797301301721376	0.681684932194063	0.702519252654535	0.2043828585505387
13														9.110780981439841	-3.183025832742469	2.002309368505024	0.09852559702104285	-0.3649253312586618	0.9258089486159679	0.7250234465320435	-0.6109314777436518	-0.31796812966200827	0.681640454132855	0.7025611945643702	0.20438703281236126
14														9.150199081428116	-3.1836784961730835	1.9743379300786412	0.0984536205918693	-0.3649332493877018	0.9258134845008931	0.7251467607383508	-0.6108271200584449	-0.3178874089859218	0.6815196695496241	0.7026478156889404	0.20449202215375442
15														9.169875224310465	-3.183403670513805	1.9614912428018205	0.09847714837524568	-0.36494220360890045	0.9258074525909585	0.7254688477980074	-0.6104834879298848	-0.3178126206424061	0.681173400921169	0.702941746512499	0.2046355269435061
16														9.125463204150382	-3.108761051494175	1.9823730745479091	0.09835571247558339	-0.36495831377455223	0.9258140110358324	0.725636821716463	-0.610347601653322	-0.3176901133577632	0.6810120092866578	0.7030513739143633	0.20479601764798955
17														9.14524459702178	-3.1084076091319672	1.969148034225703	0.09841097413176142	-0.36490537331806194	0.9258290061852915	0.7258287274668337	-0.6101480102043786	-0.3176351114526156	0.6807994848369935	0.7032520701478556	0.20481354271248983
18														9.163488299324	-3.0839270835298067	1.9521141380704345	0.09829476332418446	-0.36485882173162165	0.9258596976365565	0.7258592332559272	-0.6101736425324593	-0.31751614046499865	0.6807837490717303	0.7032539841076508	0.2048592708093922
19														9.156538000184577	-3.114758538261224	1.9024749112243458	0.09820183971314655	-0.3647914690845282	0.925896097172953	0.7258228224688565	-0.6102672577357304	-0.31741944571663444	0.6808359780889207	0.7032076920930719	0.20484460627714704
20														9.16738258387213	-3.1300824323161587	1.9592836090732026	0.09805176079303496	-0.3647470215038566	0.9259295127111193	0.7257433660447117	-0.6104176703135619	-0.3173118882283733	0.6809423021427568	0.7031001906364619	0.20486020374756467
21														9.189073757681564	-3.153697500279091	1.9484564661386772	0.09796891973489874	-0.36467390951467704	0.9259670785104936	0.7257405508719027	-0.6104749346755607	-0.3172081445250386	0.6809572259592558	0.7030883968976815	0.20485107410439454
22														9.157045615295889	-3.1797811218474434	1.946873709206698	0.09786204199148824	-0.3646124306446672	0.9260025897137893	0.7257160950516752	-0.6105590343731655	-0.3171022152686038	0.6809986564745958	0.7030472537210395	0.20485455551463838
23														9.15904705771219	-3.2026951220856192	1.9505645510910399	0.09782451468162695	-0.3645219201732663	0.926042188045717	0.7258760788061931	-0.6104380873503692	-0.3169688623965585	0.6808335204323077	0.7031991974008631	0.20488193241604422
24														9.12545137099549	-3.204095547068246	1.9462111296585243	0.09771442005176317	-0.36441664037681676	0.9260952458200082	0.7260343079794489	-0.610349566824365	-0.31677687717715897	0.6806805974543055	0.703330589761162	0.20493902936109
25														9.142307839239445	-3.1545608475483813	1.9260185143131405	0.09770506635409715	-0.36428754483849657	0.9261470210956152	0.7262815023270051	-0.6101415041790572	-0.31661099831772455	0.680418179788261	0.703577948456074	0.20496138919311607
26														9.148283655296316	-3.0969026865193867	1.9731549861672943	0.09767027367305703	-0.3641684088625009	0.9261975424428553	0.7264127305081313	-0.6100587986779324	-0.31646928304554184	0.680283075341693	0.7037113272800095	0.20495195842308075
27														9.127274376348083	-3.071025725181126	1.984292604370684	0.09765930856263505	-0.36406776953527464	0.9262382623475873	0.7264809644435776	-0.6100264637709105	-0.3163749702493661	0.6802117815446873	0.703791426975896	0.204913541678032
28														9.07004749490655	-3.153064919025808	1.9496660595153015	0.09765133907927193	-0.36397865945550767	0.9262741232685906	0.7264049886252504	-0.610138316429947	-0.3163337277692332	0.6802940602977322	0.703740556089388	0.20481509035865503
29														9.107716901216358	-3.1979919720346714	1.960409334743041	0.09778242460945014	-0.36386418761823813	0.9263052684760122	0.7264692034226653	-0.6100646548477544	-0.3163283316175277	0.6802066553011192	0.7038636017542107	0.2046825254135159
30														9.183054019333335	-3.220124397566048	1.9391364730836669	0.09789706002931164	-0.363780791604138	0.9263259152682084	0.726541769667645	-0.6099775175954805	-0.3163297092532755	0.6801126543197265	0.7039822183037878	0.20458693444659196
31														9.213478570236193	-3.2369586616670767	1.9807393925954226	0.09805980441531364	-0.3636972554900736	0.926341503500204	0.7267227346021005	-0.609761123244698	-0.3163312181745731	0.6798958315583907	0.7042128079837461	0.204514007591588
32														9.178014728054658	-3.215537606659275	1.9718662644070182	0.0981976109288849	-0.3635549981187309	0.9263827462505709	0.7269220925544848	-0.6095543824401907	-0.3162716019565581	0.6796627844483387	0.7044652001276204	0.20441937590425097
33														9.17315308661347	-3.1428004563803627	1.9616540360462291	0.09837446759313906	-0.36348350348819314	0.9263920373242178	0.7271555632310334	-0.6092740952743503	-0.3162749811315789	0.6793874086174434	0.7047445065550854	0.20437203696324072
34														9.189258925588266	-3.163267308416643	1.983905027350401	0.0985320390833967	-0.36338292141551165	0.9264147503670241	0.7272827984268676	-0.6091206004846434	-0.31627808203796093	0.6792283624720421	0.7049290364914436	0.20426425317414895
35														9.193099743760799	-3.143646083129147	1.9457064234132844	0.09875575592630365	-0.36328205186337237	0.9264304892788033	0.7273592545140302	-0.6089963860289522	-0.3163414558297257	0.6791139930410941	0.7050883296421904	0.20409466396299353
36														9.176946430039017	-3.1916277204292776	1.965343824340018	0.09884589177040681	-0.36317446457583336	0.9264630580655495	0.7273051877737996	-0.6090573017384773	-0.3163484898594643	0.679158783729866	0.7050911370022334	0.20393586002335812
37														9.207417075480274	-3.2089518150054217	2.0060373040302264	0.09910882711634672	-0.36309995566314845	0.9264641723159303	0.7273329405029512	-0.6089606917312378	-0.31647064569331357	0.6790907406576477	0.7052129452325957	0.2037411785315268
38														9.175399968908845	-3.168844083153028	1.9592296632812274	0.09924095298633712	-0.36306142403808717	0.926465129201202	0.727253044075812	-0.6090099475025532	-0.31655946317461836	0.6791570091906796	0.705190248243957	0.20359879824988553
39														9.175316281297471	-3.169755780942015	1.9581464883843376	0.09940927431053631	-0.3630321461764108	0.9264585565601959	0.727226462154474	-0.6089878256880884	-0.3166630715855294	0.6791608564422278	0.7052244245672747	0.2034675454966127
40														9.128523443221694	-3.201619516847943	1.9358514595744816	0.0996041731401866	-0.3629957195336423	0.9264518963730997	0.7272051263921554	-0.6089532456788495	-0.31677854839960995	0.6791551463708634	0.7052730337801438	0.2033180635863991
41														9.133867033021923	-3.1467230206195174	1.9817937052039838	0.09984692273371265	-0.3630056547929229	0.9264218729115635	0.7273358738256411	-0.6087277996986313	-0.316911647814267	0.6789794685164633	0.7054625152780438	0.2032474375500876
42														9.133546635131832	-3.1479131209194064	1.9813802909025886	0.10002307476288003	-0.36301024100101587	0.9264010737490339	0.727385943765473	-0.6086115729539217	-0.317019939560534	0.6788998993425986	0.7055604284502759	0.20317334588393168
43														9.13487924142496	-3.173330110498341	1.9841763087394457	0.10036989172123445	-0.3630111970027035	0.9263631877868053	0.727623335168393	-0.6082409864843166	-0.31718635607322354	0.6785942579732693	0.705879432489182	0.20308633591272995
44														9.161476422942513	-3.143387917439942	2.019295585239643	0.10061980869850673	-0.3630312793643402	0.9263282054976878	0.7277547504548616	-0.608008315192762	-0.31733091851699735	0.6784163008712705	0.7060695283465711	0.2030200577593074
45														9.145052617440744	-3.1243898956987923	1.996169578352902	0.10098437906989699	-0.3630382095756429	0.9262858163504283	0.7280142282874115	-0.6076056705168742	-0.31750690160502804	0.6780836516204712	0.7064124910729224	0.20293830062656032
46														9.178667810069864	-3.1229629674488297	2.000577131650088	0.10124918660332116	-0.3630500048979168	0.9262522853714256	0.7281022770836116	-0.6074152725655881	-0.3176692631649025	0.6779496119313188	0.7065701526371568	0.2028372329836891
47														9.216053203514631	-3.101612033729554	1.967563072752127	0.10149559409059988	-0.36302447979248864	0.926235321854867	0.7281658777915117	-0.6072696206185529	-0.31780192304943033	0.6778444502983804	0.7067084511629896	0.20270684807005118
48														9.215751152142298	-3.1030850034605852	1.966655152437812	0.10169225242134933	-0.36303877731361567	0.9262081472131994	0.7281461974061436	-0.6072148638847463	-0.3179516068215452	0.6778361166243992	0.706748155458551	0.20259625799972214
49														9.211689979507145	-3.124614037943633	2.0029341166812444	0.10194266837804206	-0.36306253860165305	0.9261713045803613	0.7281524883227135	-0.6071104787858801	-0.31813648061456357	0.6777917424352452	0.7068256217855314	0.20247442869185153
50														9.177227990909698	-3.129349770883969	1.997199472912457	0.10206753007487152	-0.36312377452874495	0.9261335452710984	0.7280156340360948	-0.6071873997268994	-0.31830284040817236	0.6779199480052487	0.7067280848989127	0.20238566676441577
51														9.16784138982671	-3.1387674802809338	1.9431764737131278	0.10234858484706089	-0.3631174417861265	0.9261050105957231	0.7280932215966371	-0.607007926963339	-0.318467639280196	0.6777942370991623	0.7068854929013397	0.20225694569234431
52														9.162130767861136	-3.1361051973177223	1.9762744217712547	0.10251888952770216	-0.36318065005532063	0.9260613871204231	0.7280153844065468	-0.6070062644794397	-0.31864870147249147	0.6778521058146794	0.7068544477529386	0.20217149238825294
53														9.147346523932343	-3.141336002019421	1.9562759275047212	0.10271137779198442	-0.36319605495663965	0.9260340158633512	0.7280299306636727	-0.6069167039845296	-0.31878603244559234	0.6778073420448613	0.7069234329745252	0.20208034783618092
54														9.15599555534223	-3.134984167955732	2.0089313201196215	0.10292455316856247	-0.36323054380985853	0.9259968187843013	0.7280444161687866	-0.6068131534063069	-0.3189500351756439	0.6777594443757331	0.7069946031595208	0.20199199653156882
55														9.141174204277188	-3.140263482859193	1.9890128318589708	0.10316969820384347	-0.3632721822396288	0.9259532034521972	0.7281240065462979	-0.6066276460053925	-0.31912118418074875	0.6776366610975936	0.7071323926343741	0.20192160563865097
56														9.124219291905634	-3.1895057016356296	2.009826589796261	0.10339306562315509	-0.36332917516442054	0.9259059263528819	0.7282342840373108	-0.6064125234051108	-0.31927837228680545	0.6774840968862013	0.7072876090613976	0.20188991191860078
57														9.098167094425557	-3.2465915412531987	1.9775468962132363	0.10372923373953741	-0.3633629107377155	0.9258550864838535	0.7285000762383957	-0.6060021529791877	-0.31945113789943125	0.6771468710615598	0.7076219228407249	0.20184976920158995
58														9.12910943888268	-3.34925084478553	1.9426904978723496	0.10400891878115404	-0.3633463882258252	0.9258301933817148	0.7288829551199798	-0.6055065669178158	-0.3195175036754113	0.6766917928788121	0.7080545173802996	0.20185890584220037
59														9.158049071280692	-3.274041851062209	1.9388263001946957	0.10423397959390857	-0.3633222436184096	0.9258143576279758	0.7294976932900132	-0.6047897096035068	-0.3194722564515666	0.6759943734843998	0.7086793029641762	0.20200310039116415
60														9.161425190896905	-3.2537386177435237	1.9040194815167717	0.10437744381004616	-0.36336067804065453	0.9257831100627814	0.7301509114639967	-0.6040390329633797	-0.3194002084297368	0.6752666108375083	0.7092995589386054	0.2022600800393501
61														9.14942691482565	-3.151825699440649	1.9276374842273145	0.10446741138021565	-0.3633987021125752	0.9257580371038718	0.7309079348772468	-0.603197225544659	-0.31925960882752624	0.6744332069916161	0.7099961199880761	0.20259654219379536
62														9.183746182748314	-3.086594866095013	2.0168132559422105	0.10434014600001534	-0.3635237492099624	0.9257232943450371	0.7314316521367614	-0.6026486227970551	-0.31909618564517617	0.673884910192522	0.7103978612025414	0.20301233118623957
63														9.183228645975698	-3.0780477812033777	1.8968546616503525	0.10418280180921069	-0.36369323475314835	0.9256744432045071	0.7318274793094184	-0.6022299259737851	-0.31897908519091406	0.6734793867185586	0.7106661292452321	0.2034187022099826
64														9.129578381982002	-3.0181086789074647	1.9908937990622024	0.1039134483188433	-0.36389281759128167	0.9256262812625647	0.7320835769494098	-0.6019888070056731	-0.31884653455987744	0.6732426246305591	0.7107682417957093	0.20384522274311856
65														9.166284727789135	-3.062424602891289	2.0065793903643847	0.10368489441195905	-0.3640769256739644	0.9255795129877153	0.7321551237363293	-0.6019329692762998	-0.31878766488817956	0.6732000575292771	0.7107212482330978	0.20414943020387355
66														9.161599533394478	-3.1421761798105665	1.9669609595497706	0.10338700475737	-0.3642486204678782	0.9255452823792838	0.7321651618078967	-0.6019715368024713	-0.31869177070405896	0.6732349538475533	0.7106005990476786	0.20445411600396862
67														9.146416100499406	-3.2126009943475378	1.994873884355385	0.1032012576487476	-0.36434944400533664	0.9255263275956652	0.7323795369044656	-0.6017780120485264	-0.3185646529960974	0.6730302477179738	0.7107128160290382	0.20473782940325688
68														9.157454451734319	-3.1588731432221215	2.0106997003289564	0.10293381511668365	-0.36442207941604554	0.9255275132267056	0.7326452760197075	-0.6015695241646072	-0.3183473058192494	0.6727819328961882	0.7108520631119062	0.20507026878125342
69														9.138365144898115	-3.0879130144617735	1.9843877501209566	0.10268490717635553	-0.36444075516844165	0.9255478084952926	0.7329785071358881	-0.6013013342739737	-0.31808680179659055	0.6724569264384357	0.7110693646702793	0.2053826689678983
70														9.122572820058753	-3.065090728028279	1.964678894708718	0.10241855300671598	-0.36446131768675555	0.9255692237266989	0.733211531979792	-0.6011445859455912	-0.31784593148277007	0.6722434747707534	0.711191348863537	0.2056588824481109
71														9.149425126634513	-3.092187801199882	1.9228083947511687	0.1021873677609097	-0.36447145001001535	0.9255907864697522	0.7334308223585143	-0.6009930370494853	-0.31762650744632515	0.6720394115560567	0.7113142284150049	0.20590069880832373
72														9.12832767279976	-3.065025864316737	1.9363287063813177	0.1018625261678957	-0.36448015589403804	0.9256231639939403	0.7335034714264708	-0.6010310967126329	-0.31738663832891023	0.6720094368147009	0.7112776087744276	0.20612491379772852
73														9.161917390357141	-3.1880485549527884	1.9082124469815296	0.10147182641336178	-0.3644628942532824	0.9256728726482469	0.7336114532591196	-0.6010644431009361	-0.3170737625329544	0.6719506708765007	0.7112582751379998	0.20638304667859314
74														9.212570091286555	-3.201564557487517	1.9391391371591626	0.1009379262509249	-0.3643908938588473	0.9257595862408947	0.7336942003113958	-0.6011949285890618	-0.3166346131872098	0.671940738066672	0.7111848805420029	0.20666811610616892
75														9.213504261778807	-3.196739019518671	1.9426590351233304	0.10039607528152111	-0.3642970137177939	0.9258554497676001	0.733965123701972	-0.6011362242983896	-0.31611775816209	0.6717260046009954	0.7112825919650883	0.20702958510852906
76														9.200972866843806	-3.0658550436987286	1.9630073357532	0.09968309962994898	-0.36415432700080047	0.9259886099595177	0.7341581397863934	-0.601237998922588	-0.3154753467974074	0.6716212514755232	0.7112696357768664	0.20741359595816217
77														9.211095105834094	-3.050880770361861	2.0204639009762033	0.09891637344418147	-0.3639953141605422	0.9261333393922384	0.7343710197504539	-0.6013429760870284	-0.3147790184581458	0.6715018662783665	0.7112622838165703	0.20782494365380433
78														9.15702622433763	-3.0221993469924358	2.030535583634121	0.0981255198807815	-0.363827054498384	0.9262835725430719	0.7345499471143213	-0.6014949487812264	-0.3140703771211443	0.671422190236869	0.7112198682585434	0.20822713908572538
79														9.221054244597195	-3.004219949039031	2.0783466421167165	0.09739216029670567	-0.3635702430178236	0.9264617884752188	0.7347603823120552	-0.6016220712081669	-0.3133337901022443	0.6712987022908526	0.7112436726095743	0.20854373755992103
80														9.201132055081212	-2.972067569922824	2.092938666230321	0.09657521436933791	-0.3633757980964625	0.9266235790909247	0.7349226535939202	-0.6018081884725409	-0.3125949416127353	0.6712390939180966	0.7111855831252187	0.20893335097790228
81														9.15570635622632	-2.935078631488846	2.155868634233132	0.09588838275185169	-0.36320340857630806	0.9267624841628979	0.7351600660030486	-0.6018599494725954	-0.3119363373754935	0.6710775628849672	0.7112298399388175	0.20930126462345258
82														9.124650470271757	-2.9559416991295895	2.157977441645727	0.09516057051834081	-0.3630496061107331	0.9268977555919877	0.7352472231005882	-0.6020786253074112	-0.3113082875074332	0.6710856776459297	0.7111232751434721	0.2096370692595274
83														9.09907573436611	-2.982070983156123	2.125783023787468	0.09458438727728197	-0.36289993259853365	0.9270153356894166	0.7353449247824877	-0.6022301936306313	-0.3107839047895674	0.6710600832116449	0.7110713275049086	0.20989504977580636
84														9.099984718276943	-2.977192268735745	2.1287281813894894	0.09401164481705754	-0.36281926584434776	0.9271051671579449	0.7353827418726905	-0.6024204274485068	-0.3103253962352476	0.671099123523937	0.7109513407575289	0.21017649126502394
85														9.079098291585886	-2.9483183902391503	2.142413905457478	0.09355126519199553	-0.362762432109927	0.9271739743061532	0.7354503107988835	-0.6025310009789141	-0.3099503721649216	0.6710894136602085	0.7108866370308548	0.21042620598242773
86														9.08306338891119	-2.993441055599914	2.152041653941319	0.09312306151551974	-0.3627952887871111	0.9272042244553536	0.7353397693207511	-0.6027886125581091	-0.3097116598153431	0.671270079080903	0.7106514384732834	0.21064428291926587
87														9.033738849270293	-3.103320271417514	2.0901207054537343	0.09281375603001263	-0.3627928201607031	0.9272362030957622	0.7352465207569716	-0.6029974510356713	-0.3095264572847559	0.6714150433274264	0.7104755053373252	0.21077570047162233
88														9.084502943270829	-3.1797282732876555	2.039966192061215	0.09254928525593609	-0.3628393791759828	0.927244420159972	0.7351828590950369	-0.6031426485820186	-0.3093947464879049	0.6715212531941656	0.710328466542525	0.21093287114122913
89														9.120331524084945	-3.19933512854997	2.050292437362032	0.0925680765862586	-0.3628388698983245	0.9272427436696542	0.7354412448364724	-0.6028627624801374	-0.30932614666108993	0.6712356714228627	0.7105662841042524	0.2110408237848178
90														9.188238128543617	-3.1915569606213476	2.0626878166605476	0.0923816104573627	-0.3629069399961553	0.9272347011150583	0.7355790191812199	-0.6027600377216313	-0.3091987119413867	0.6711103818223194	0.7106186669574935	0.21126278797236475
91														9.24005511069821	-3.163877683004111	2.052125057759596	0.0924050753959525	-0.36294117546425025	0.927218962917442	0.7358068941700466	-0.6024989641381429	-0.30916534848571653	0.6708572996792225	0.7108225526564932	0.2113806568776075
92														9.34164532850713	-3.15375813336799	2.069506623045787	0.09237140597302829	-0.36305231183285214	0.9271788081224609	0.735929385318449	-0.6023439959889881	-0.30917575959448584	0.6707275625642467	0.7108971299483765	0.2115415028966779
93														9.372304690279961	-3.1636168538527674	1.9893111211518373	0.09244218289549011	-0.36313432560721326	0.9271396358625338	0.7360826957346189	-0.6021290920237048	-0.30922939960289353	0.6705495566038157	0.7110372832028599	0.21163476565517964
94														9.34247450962851	-3.178730142937711	2.076077519565809	0.09239840646498593	-0.3633077682062129	0.9270760486841149	0.7360311644299837	-0.6021413523753769	-0.3093281699868181	0.6706121527906969	0.7109382936096299	0.21176893825312126
95														9.256880775344914	-3.2032463595043636	1.9603682943024838	0.09242794163299195	-0.36344652111249903	0.9270187171231823	0.7359878598044749	-0.6021305016327483	-0.3094523052490061	0.6706556089573228	0.7108765612219305	0.21183854436661417
96														9.159024548696468	-3.22543756901785	2.0361465728970907	0.0924139942524666	-0.36359205774780745	0.9269630355138334	0.7358888257837984	-0.6021917994637105	-0.30956852673552104	0.6707661960421438	0.7107502037997413	0.2119123829458272
97														9.085603751045802	-3.2896840033241133	1.9803659863952325	0.09251045712406952	-0.36370766112746866	0.9269080604676397	0.7359553448208386	-0.6020485457045058	-0.30968900375171493	0.6706799130377589	0.7108124125620455	0.21197681098504184
98														9.054088960292484	-3.213439955816893	2.018960016850328	0.09253275914304943	-0.3638818966479099	0.9268374473322135	0.7359313927361877	-0.602007802045867	-0.3098250981784381	0.670703118876563	0.7107577446414661	0.2120866680426351
99														9.031671484914463	-3.1902140166019812	2.03098995860658	0.09275506391610056	-0.3640538794667363	0.9267476846278816	0.7361151787974087	-0.6016766625545312	-0.31003167141648635	0.6704706866537712	0.7109500450681892	0.2121770292834752
100														9.043107888809171	-3.1641283177535597	2.0481288976649092	0.0929122726227895	-0.36424898937697353	0.9266552667167663	0.736150887144225	-0.6015177031647886	-0.310255256419818	0.6704097112608366	0.7109846176375478	0.21225383984736554
101														9.063693620560262	-3.1911046330631736	2.0383583566289287	0.09320241441465793	-0.36442806323158466	0.926555716984443	0.7363313443080144	-0.6011631737141445	-0.3105140736898898	0.6701712179263082	0.7111926780410595	0.21230994645554202
102														9.09491086210916	-3.1658789339388145	2.0411347455958437	0.09339901871430972	-0.3645963909554983	0.9264696945963369	0.7364883378383809	-0.600870131254581	-0.31070888882386644	0.6699713064984674	0.7113540307528512	0.212400309322771
103														9.131901889084858	-3.144890989079796	2.0102460044520725	0.09370850494088723	-0.364725191719594	0.9263877431328899	0.7368102489936148	-0.6003746367544878	-0.3109034456545705	0.6695740235998641	0.7117062807556376	0.21247304971046657
104														9.143414787067554	-3.1186326620841895	2.027508298692572	0.09389860203737938	-0.3648960949679633	0.9263011888217341	0.7370272883344258	-0.6000186268346193	-0.311076234550153	0.6693084705767811	0.7119188769295486	0.21259746914190034
105														9.160728695291843	-3.0966484728174306	2.010910263589825	0.09412178121646608	-0.3649775167881098	0.926246458854135	0.7372903532819679	-0.5996315673431852	-0.3111991619572685	0.6689873132264847	0.7122031983112265	0.21265601110071897
106														9.176441219782026	-3.0503063059492823	1.9905823337187607	0.09423828705345783	-0.3651007642982609	0.9261860380949691	0.7374291989897923	-0.5994006120293967	-0.31131508600782243	0.6688178539262415	0.7123344286271796	0.21274947723058285
107														9.14685104436971	-2.998198827504284	2.0322780423028646	0.09440805717692036	-0.3651955507678717	0.9261313775266609	0.7375194116783159	-0.5992118408570484	-0.31146474467325924	0.6686944265789498	0.7124446501139992	0.21276838201713935
108														9.154260126037443	-3.0898388376424903	1.9226357338633786	0.0945467557113781	-0.36532971767350686	0.9260643111409972	0.7374813804418006	-0.5991575091258776	-0.31165925745873624	0.6687167744913463	0.712421558238288	0.21277546585830884
109														9.110004342204226	-3.109879308831872	1.9885695817529132	0.09483026570714342	-0.36541103890085835	0.9260032361473194	0.7376024478426652	-0.5988994065109994	-0.31186877018592496	0.6685430798702663	0.7125968520349836	0.2127342869107159
110														9.149083073431852	-3.113026194915445	1.959890937232372	0.09502996100739014	-0.3654643134867722	0.9259617389928033	0.7376224178008971	-0.5987884574200002	-0.3120345365791031	0.6684926890164865	0.7126627665510659	0.21267182677375995
111														9.128845362053832	-3.113877168224994	1.9736354113565173	0.09532544623186656	-0.36546135874437746	0.9259325324047154	0.737777545025086	-0.5985178085903909	-0.3121870062268986	0.6682793976754431	0.7128915962927813	0.21257520687436116
112														9.171452550738458	-3.0358586209869878	1.9872990419978822	0.09554711304855157	-0.3654878446759511	0.9258992302525233	0.7379190897294272	-0.5982780763745547	-0.3123119599734474	0.6680914355093777	0.7130792233151171	0.2125367146526185
113														9.151244805154947	-3.036457769327781	2.0013594072843834	0.09583432321360336	-0.3655075612762599	0.9258617635176826	0.7381209872870576	-0.5979523815436323	-0.3124585693058828	0.6678272161424476	0.7133422545007277	0.21248444019092116
114														9.14519117867335	-3.0332224466483164	2.0348476722802236	0.09604216679489952	-0.3655438524943714	0.9258258983744809	0.7381958019962517	-0.597785249259376	-0.31260158938018356	0.6677146547084705	0.7134637255470523	0.2124303467399824
115														9.136352780980527	-3.04319142059782	1.980887759005909	0.09634335544086375	-0.3655123570715387	0.925807039663451	0.7383025201665512	-0.5975731083227064	-0.3127551261374587	0.6675532537394406	0.7136575488548736	0.2122864960008971
116														9.134417954945587	-3.0206540211277386	1.9760059772779917	0.0966587554944961	-0.36547124157427774	0.9257903955909303	0.7383845876683184	-0.597385282571108	-0.31292015732663325	0.6674168754834886	0.7138358324920328	0.21211581405040023
117														9.16423321337655	-3.038563156581721	2.017145753493796	0.09704609237494982	-0.36542222984595807	0.9257692206425747	0.7385543019123025	-0.597080144856001	-0.3131019702039068	0.6671728404855701	0.7141161632067603	0.21193986497417464
118														9.164033312462982	-3.040110129000437	2.0157225218069086	0.09733849865420452	-0.36537433680805265	0.9257574253992353	0.7386255754222326	-0.5969141426935767	-0.3132503241571628	0.6670513293682283	0.7142794272933161	0.2117721032941102
119														9.16226272263761	-3.0174817201013444	2.0103055944011885	0.09771578445123541	-0.3652607808549928	0.9257624897554879	0.7387145517156446	-0.5967205021661457	-0.313409402185283	0.6668976207429693	0.7144992682038122	0.21151444202130237
120														9.148104688704231	-3.022756772036736	1.9886146801193687	0.0980068023613021	-0.3651522367905833	0.925774546343626	0.7387123341970612	-0.5966540455228507	-0.3135411253190646	0.6668573715540993	0.7146102391710112	0.21126630605922048
121														9.162399070855072	-3.0200720578165643	2.0057893088696837	0.09831622616314445	-0.36501435327686993	0.9257961123135625	0.7387224801757326	-0.5965775427052118	-0.3136627692647413	0.6668005826002648	0.7147445399873162	0.21099105573997176
122														9.146096560050516	-3.068682544098198	2.0248935097155103	0.09858757332888435	-0.3648978462611203	0.9258131842759197	0.7386795591963204	-0.596564465666923	-0.31378869821755634	0.6668080677456235	0.7148149411543765	0.21072873722350646
123														9.117262055844746	-3.1452910688513342	2.0281060914092004	0.09898041332608537	-0.3647391505801222	0.925833802478549	0.7388056303540133	-0.5963402621896379	-0.31391803428411647	0.6666101696906573	0.7150829628271712	0.21044533242461802
124														9.114082147610356	-3.098123708980981	2.0185804785030923	0.09931622400233298	-0.3645780989985229	0.9258612732912755	0.7389374186706071	-0.5961312622898743	-0.3140047920161426	0.6664141197021102	0.7153393095946179	0.21019489339743097
125														9.121250082795644	-3.066441844800745	2.0659158909701465	0.09971635481288371	-0.36441129225086566	0.9258839336887132	0.7391195141031431	-0.5958465452382136	-0.31411660000646147	0.66615237930579	0.7156614455227694	0.20992785174315362
126														9.148812868685512	-2.9679123464092814	2.0541474607957424	0.10003858882145672	-0.3642283631547574	0.9259211522695747	0.7391873061114442	-0.5957182787292422	-0.3142003482995752	0.6660288336328368	0.7158613216688512	0.2096381666305254
127														9.163359169139037	-2.9650627000428393	2.070687655809817	0.10039195688339492	-0.3640420649302094	0.9259561706444164	0.7391654553797489	-0.5956760750389185	-0.3143317406808882	0.6659999133381107	0.7159911930935868	0.2092862318597454
128														9.16536546561493	-2.9904726196026417	2.070891570238114	0.10068008238336201	-0.3638552321738605	0.9259983212895071	0.7389768113321241	-0.5958371287271939	-0.31447001183505463	0.6661657401313019	0.7159521534640699	0.20889164805102936
129														9.15648980050092	-3.068158243205917	2.0583591456736485	0.10111993160766247	-0.36363656435081027	0.9260362889751141	0.7388862503295345	-0.59584815347015	-0.31466186149607245	0.666199571078834	0.7160540671439218	0.20843393298843108
130														9.160230497876215	-3.1176856278482425	2.061693040085875	0.1013847572748548	-0.3634319938056103	0.9260876399514241	0.7387239428632073	-0.5959953858575787	-0.31476409623258095	0.6663393033830111	0.7160353943171772	0.208051067894613
131														9.130465506877092	-3.1022849513417965	2.0159552468642024	0.1017377189055797	-0.3632339355661547	0.9261266352961737	0.73874464811383	-0.5959115035464279	-0.31487430003766426	0.666262546925056	0.7162056883285403	0.20771044887241275
132														9.12706464448519	-3.122357218551891	2.050481867211421	0.10193778662682912	-0.3630464473076003	0.9261781495775816	0.7386680829936334	-0.5959844317144132	-0.31491589404245496	0.6663168546751117	0.7162400674713596	0.2074174894373384
133														9.127608965806767	-3.1224292213802918	2.047947684859824	0.10220635952446694	-0.36279728490874263	0.9262461822515655	0.7387955688525107	-0.5958338794726525	-0.3149017235844602	0.6661343464472094	0.7164915338895592	0.20713501478006108
134														9.160607628106678	-3.0948212366330354	2.0471458509060763	0.10234775375698879	-0.3625700090866522	0.9263195592298609	0.7388211792234636	-0.5958318840673286	-0.31484540819206536	0.6660842307334333	0.716608229397125	0.20689234671337664
135														9.195236925216678	-3.0912277493632097	2.050179082477397	0.10256375796595074	-0.36235194259082487	0.9263809935726003	0.73894994514651	-0.5956884198364563	-0.31481468364851795	0.6659081424039449	0.7168377614030961	0.2066639051859953
136														9.176146439710394	-3.0898070331152154	2.0626629504739067	0.1026447654342002	-0.36213118610933037	0.9264583402269138	0.7389599549524473	-0.5957230189546285	-0.3147257054392929	0.6658845523854982	0.7169205595703285	0.2064525954298756
137														9.144481153319942	-3.1160267319613015	2.059670274052485	0.10268789088205399	-0.3619330833087302	0.9265309710273215	0.739012761351147	-0.5957176693467227	-0.3146118195304519	0.6658192965259779	0.717025035570408	0.20630017629393158
138														9.204443347282892	-3.055669274393219	2.0951143312649614	0.10262588692345631	-0.36173029110321564	0.9266170319131612	0.7389442569041913	-0.5958829403692225	-0.3144597057895363	0.6659048824880969	0.7169900402901787	0.20614550590105404
139														9.169433700172883	-3.033461920585682	2.0852881014078215	0.10263080290302679	-0.3615682471279306	0.9266797294450309	0.7389041355052248	-0.5959793245807168	-0.314371314221875	0.6659486442877982	0.7169916647640671	0.20599843647488056
140														9.173414007798844	-3.080673020587343	2.0911717846442976	0.10253595726776926	-0.3614110176103603	0.9267515599215497	0.7386892717919308	-0.596298535881615	-0.31427092745742347	0.666201574004962	0.7168055053187622	0.205828400222187
141														9.231207357879146	-3.1253415634783916	2.0876600390137194	0.10247227251806218	-0.36123962379656843	0.9268254245349001	0.7385666417098549	-0.5965117936250708	-0.31415441397444643	0.6663473186847912	0.7167144579715933	0.20567361672337658
142														9.29450365594001	-3.1741767809716306	2.050724912854137	0.1022703416550762	-0.3610851902071831	0.9269079040718102	0.7383865194165219	-0.5968313730601891	-0.3139707949396625	0.6665779212978091	0.7165262015754424	0.20558228837660092
143														9.275596784132146	-3.1711861797435046	2.0649018485144146	0.10197030751821778	-0.36092772592607225	0.927002283191619	0.73828606635867	-0.5971018087912305	-0.3136927065758507	0.6667351352713325	0.7163802109188077	0.2055812559516141
144														9.188759512263847	-3.2349829482003223	1.989990139362832	0.10158762332532822	-0.3607876080511797	0.9270988386702996	0.7382454480853965	-0.5973318662139575	-0.3133501236421354	0.6668385210591106	0.7162589919031088	0.20566828474424287
145														9.177177882589726	-3.197878858510648	2.055454201952518	0.10128073691400452	-0.36060114190133796	0.927204955114891	0.7384820112010058	-0.5972520445529707	-0.31294458680382	0.666623230515314	0.7164194384135226	0.20580732931695855
146														9.164151642617778	-3.197149024761863	2.037640209852129	0.10081052757807268	-0.36036493775087464	0.927348019445364	0.7385610608240174	-0.5974171491539664	-0.3124424896380932	0.666606928379786	0.7164006292128421	0.2059255727186674
147														9.142361736735719	-3.1429659617177883	2.04677299520306	0.10035352065154862	-0.36012021945568207	0.9274926406349705	0.738844509592971	-0.5973601702298531	-0.31188077476382425	0.6663617347485985	0.7165711789921169	0.20612565075867234
148														9.184954644944158	-3.033864352328933	2.059541813541539	0.09976085591391504	-0.3599382093041008	0.9276272188278444	0.7389601683976217	-0.5975110385247498	-0.31131724713358655	0.6663224753443956	0.7165368408700514	0.20637178713885523
149														9.175081454089508	-3.019254062124322	2.130175731445683	0.09919966729182744	-0.359827790753888	0.9277302339637136	0.7391421667612605	-0.5975547020428126	-0.31080095782026484	0.666204385548954	0.7165558869116222	0.20668666528743224
150														9.188749460400977	-3.047355450145697	2.069700542944432	0.09843629727996717	-0.35978994432937594	0.9278262182851243	0.7390004508604466	-0.5979944336744376	-0.3102917835239051	0.6664747774716363	0.7162079678793402	0.20702057322952117
151														9.176614552590971	-3.00912822637303	2.1378860347801885	0.09770444895834124	-0.3598292755057474	0.9278883193266072	0.739023778693031	-0.5982189722239905	-0.3098030274183041	0.6665565956316244	0.7160006660334064	0.2074737358310629
152														9.14861152363135	-3.0125819017002144	2.1033207360915016	0.09700074220052529	-0.3598909230919063	0.9279382412039088	0.7388522188929254	-0.598634692051798	-0.30940895932252915	0.6668494992496798	0.7156221272068839	0.20783819764987074
153														9.122394339207478	-3.0406434931321815	2.0718665944455674	0.09636322868689667	-0.3599377996446695	0.9279864807980719	0.7388028584489859	-0.5988999294823636	-0.30901328582057297	0.6669966000697786	0.7153765825444478	0.208211144376045
154														9.170835313475525	-3.029780517853839	2.1005706572388054	0.09580328520656628	-0.36003138131628537	0.9280081546037819	0.7388205112977975	-0.5990496931171886	-0.30868060720081403	0.6670577056217029	0.7152040755222874	0.2086076406247383
155														9.143714939713929	-2.997578422711437	2.14895455728679	0.09542859123426328	-0.3600977081244584	0.928021025935596	0.7389586229096635	-0.5990131311730473	-0.3084208525857407	0.6669584226940218	0.7152013068261088	0.2089343272699069
156														9.103031519097678	-3.0310154523733956	2.097475605642179	0.09498476734757788	-0.36019379510174754	0.9280292689038028	0.7389227560665255	-0.5991777400784821	-0.3081869503426336	0.6670615073132136	0.7150150108666553	0.2092426335534425
157														9.142529791932134	-3.030402126309027	2.0719084016092895	0.09479717882659267	-0.3602923656380811	0.9280101864470207	0.7390509521824874	-0.5990743548432466	-0.30808052104491546	0.6669461634679952	0.7150519761752031	0.2094838571424038
158														9.129936675356177	-3.057422465773966	2.0586439959797396	0.0945207558864069	-0.3604429567337619	0.9279799036874051	0.7389918968912905	-0.5991860253277398	-0.30800500544789455	0.6670508249269126	0.7148824952346845	0.20972890828723836
