// Start Time: 1748431178.2324173
// Update Rate: 100Hz 
// Filter Profile: 46.1 human
// Option Flags: AHS Disabled ICC Disabled 
// Firmware Version: 4.0.2 
PacketCounter	SampleTimeFine	Year	Month	Day	Second	UTC_Nano	UTC_Year	UTC_Month	UTC_Day	UTC_Hour	UTC_Minute	UTC_Second	UTC_Valid	Acc_X	Acc_Y	Acc_Z	Mat[1][1]	Mat[2][1]	Mat[3][1]	Mat[1][2]	Mat[2][2]	Mat[3][2]	Mat[1][3]	Mat[2][3]	Mat[3][3]
0														9.442155008945583	-0.973412133020916	-2.3985778003923044	0.25885661394366405	-0.026687226384318363	0.9655470187233416	0.2802755070483265	-0.9545358826861831	-0.10152284872536262	0.9243586390392121	0.29689904111064674	-0.2396081505732936
1														9.471709740737518	-0.9917354756601003	-2.373692080098629	0.258862469268164	-0.026686265645816082	0.9655454754853701	0.28008403995170017	-0.9545972619454405	-0.10147412502999138	0.9244150326388698	0.29670172010311774	-0.23963500729052084
2														9.517942241821178	-1.0423818469506008	-2.370956309560781	0.2589207288366016	-0.026631458938483427	0.9655313674726114	0.2798767738811716	-0.9546675537835185	-0.1013846792906132	0.9244614906098525	0.2964803992641012	-0.23972969201083255
3														9.511228468052781	-1.0721307527499584	-2.3865924668740632	0.2589387553021804	-0.026624677788425755	0.9655267202595796	0.2797491062367367	-0.9547085928692455	-0.10135058096218666	0.9244950830384686	0.29634883032380654	-0.23976282489870532
4														9.506886049671582	-1.025772173646138	-2.3195580751860585	0.2588084379790347	-0.02667898902791971	0.9655601607229353	0.2797426241055419	-0.9547093543910534	-0.101361298811547	0.9245335346483642	0.29634149250934533	-0.23962358633476794
5														9.466857650766654	-0.9912873564637634	-2.2904553229532203	0.2585585273209479	-0.02681428118648224	0.9656233646065507	0.27963940187795056	-0.9547366369488752	-0.10138914628743338	0.9246346807615241	0.29624136846835686	-0.2393569692760807
6														9.420671288796466	-0.9635287055616963	-2.283887016670564	0.2583954895423495	-0.026912547307707174	0.9656642717743987	0.27934186929425275	-0.9548270718186325	-0.10135769818542933	0.924770182825637	0.29594083482964356	-0.23920520737845874
7														9.395777437848876	-1.014216495380919	-2.365760548915645	0.2583247363951662	-0.026956486626965842	0.9656819758052329	0.279012705145976	-0.9549301066029552	-0.10129364180635254	0.924889312800993	0.2956041936982613	-0.2391608658089952
8														9.394882910132866	-1.0605390020369885	-2.3509701326465957	0.25834826290878976	-0.026958502085026897	0.9656756257757271	0.2788725166546673	-0.9549739008904977	-0.10126681624638001	0.9249250210188407	0.29546249809970365	-0.2391978630965993
9														9.436320997339534	-1.0486142661454736	-2.392813611289368	0.25845579105230687	-0.02691279235878613	0.9656481272590857	0.2788180070827538	-0.9549925036767897	-0.10124147790080204	0.9249114135947981	0.29540653264372807	-0.23931957185629904
10														9.443372798610211	-0.9949378763771761	-2.385287107927624	0.25849156572742327	-0.02686097818270089	0.9656399941483648	0.2788420863022369	-0.9549890464446509	-0.10120776688254994	0.9248941568387171	0.2954224247104562	-0.23936664267143348
11														9.496528662788483	-1.0157727451404501	-2.366048561897951	0.2583272448079608	-0.026868343859191984	0.9656837612221677	0.27892682190765994	-0.9549667068786241	-0.10118506200961327	0.9249145163799847	0.29549396077020074	-0.23919961650871985
12														9.467311398939565	-1.0367300260483667	-2.2704563391837285	0.2581853521292561	-0.026817142497176538	0.9657231305162873	0.2790496577388771	-0.9549375687372472	-0.1011213544708065	0.9249170841008979	0.2955927615529194	-0.23906757801051004
13														9.44448840870832	-1.0105403981341345	-2.2709943284693206	0.2581483362930547	-0.026736375035539856	0.9657352653388434	0.279071629077315	-0.9549402387077522	-0.10103547070664812	0.9249207870478751	0.29559145242503104	-0.23905487014490884
14														9.474281860848883	-1.0051076167676256	-2.2544932226464622	0.2582461414013022	-0.026608236630076332	0.9657126550867896	0.279029091698548	-0.9549639624966044	-0.10092866945852084	0.9249063176545083	0.2955263644350905	-0.23919128639345577
15														9.46794569729737	-1.011049315338468	-2.2781978327829324	0.2583605046415655	-0.026481910954828103	0.9656855378608177	0.2789195118854732	-0.9550083467150963	-0.10081152510535779	0.9249074307901984	0.29539425535490593	-0.23935011671690404
16														9.479139893723522	-1.02614684743011	-2.3298799725268426	0.2583847775982929	-0.026365184093540606	0.9656822374742089	0.2788806803679782	-0.9550321169197197	-0.10069370272927887	0.9249123595362829	0.2953278393913322	-0.23941302065149517
17														9.44991556720453	-1.0064960685003794	-2.354072046553147	0.2583675669805395	-0.0262776434151388	0.9656892283696158	0.2788078846557883	-0.9550650522193835	-0.10058284885084354	0.9249391135563042	0.29522911693417675	-0.23943141967574993
18														9.466971997256307	-1.0381292523285608	-2.3751405303476023	0.25838109072251647	-0.02619703747234442	0.9656878000599963	0.27873644317432683	-0.955095794074976	-0.10048890180918614	0.924956867753069	0.2951368146605292	-0.23947662397083425
19														9.467009837253494	-1.037382017120636	-2.375316182909789	0.258405692268549	-0.02609244859908183	0.965684048915232	0.2787777314417064	-0.9550926815025051	-0.1004039152253039	0.9249375517598081	0.2951561516662976	-0.23952739191606837
20														9.474202824763294	-0.9833115536467046	-2.3672384735556915	0.25839449095728556	-0.025999890821983312	0.9656895426171757	0.2789397908358019	-0.9550509454923239	-0.10035080768333207	0.9248918207722481	0.2952993348984433	-0.23952749879112561
21														9.456954283073378	-0.9736094223651397	-2.3383185618342623	0.25832857155757094	-0.02590910216753342	0.9657096186441855	0.2790911327904967	-0.955014231733299	-0.10027939361890183	0.9248645785815041	0.2954260239243145	-0.23947646162729241
22														9.486507698853263	-0.9915986498078913	-2.3135156081838897	0.25828484359714265	-0.025817943969304896	0.9657237562249349	0.27916893257341846	-0.9550002898563056	-0.10019557605099359	0.9248533108843898	0.2954790688755637	-0.23945453264161054
23														9.469169241941918	-0.9816717055612212	-2.2850347578838366	0.2583141261311013	-0.02572215762671695	0.9657184801214851	0.2791779977074952	-0.9550063573801899	-0.10011245157049298	0.9248423962152463	0.29546781207171585	-0.23951057219336658
24														9.445168747196357	-1.0018308152702944	-2.2720235082607347	0.2582950684240294	-0.025602450313199437	0.965726758542905	0.2792144855005131	-0.9550077333947341	-0.09999750118346203	0.924836703810197	0.29547376143104975	-0.23952521285091766
25														9.451379580142262	-0.9775455613346988	-2.3597546933402356	0.25823534328288045	-0.025528775181724445	0.9657446811229631	0.27924620568916325	-0.9550071996168915	-0.09991398945146766	0.9248438052383647	0.29548186123284015	-0.239487798425302
26														9.474760747634912	-1.0026110309131064	-2.3575196620997887	0.25816674880833523	-0.025468159782840616	0.9657646207265049	0.2793506107835938	-0.9549823741932493	-0.09985940734381517	0.9248314257552925	0.2955673152050149	-0.23943014872386548
27														9.475490367280882	-0.9788261037103166	-2.363941751301033	0.25808386889519996	-0.02537691894418065	0.9657891739924334	0.2795045020526246	-0.9549453496314027	-0.09978282692765107	0.9248080611393916	0.2956947601873589	-0.23936302732322867
28														9.428022083310447	-0.9970431465232363	-2.344454111826511	0.25804342718163065	-0.025327468292889205	0.9658012782338984	0.27949038881663646	-0.9549563047162402	-0.09971749416140531	0.9248236114240839	0.2956636187165699	-0.23934141371676343
29														9.41542559478369	-1.033610261945063	-2.381864879786458	0.25801347895808446	-0.025231116186646974	0.9658118012593976	0.27954509813981815	-0.9549497451172022	-0.09962691607487585	0.92481543173865	0.2956930419819967	-0.2393366711172521
30														9.458000358849812	-0.991103603432957	-2.327349643939806	0.2581016489699755	-0.0250829846711616	0.9657921011682413	0.2797792040833784	-0.9548872306022047	-0.09956893991262693	0.9247200310155781	0.29590745295250553	-0.239440271311469
31														9.440811760030197	-0.9580961569747324	-2.3072791521258225	0.2582362620894391	-0.02492495714448828	0.9657602080503319	0.27996707265030535	-0.9548389388648821	-0.09950396504162548	0.9246255843170758	0.29607659032542877	-0.23959587118223696
32														9.482223868756817	-0.9456373584439041	-2.3493979909339737	0.2582643207832497	-0.024844039877829988	0.9657547899404463	0.27988025160019214	-0.9548741427979219	-0.0994103424204287	0.9246440317087327	0.2959698381566651	-0.2396565657914208
33														9.474835428390856	-1.0217600372573195	-2.3498705082160742	0.25819957939223237	-0.024819259693154155	0.965772738044494	0.2797385460955695	-0.9549241689739344	-0.09932863302078904	0.9247049924327282	0.29581047286687706	-0.2396181151588156
34														9.468752483095665	-1.0284229502472013	-2.372263957440378	0.2582525750855549	-0.02477431443857725	0.9657597220871137	0.27980369544630224	-0.9549062039218912	-0.09931784193223898	0.9246704815642561	0.29587222758410897	-0.23967504139593765
35														9.475637789454344	-0.9751353223850373	-2.3648759841789664	0.25837856597947567	-0.02471545047965426	0.9657275304918963	0.28000710250543026	-0.9548429985355875	-0.09935225560640383	0.9245737067367329	0.29608106095316955	-0.23979046302124324
36														9.469809277880195	-0.9590747748465663	-2.3951014076301202	0.25838772462590726	-0.02467338125508292	0.9657261558123436	0.2801037158222208	-0.9548160802440843	-0.09933861932756123	0.9245418823099525	0.29617136452527426	-0.23980164863904957
37														9.493149767421878	-0.9845485715490511	-2.3929062175014417	0.2583105289155454	-0.024666317455859538	0.965746987276967	0.28012818317629595	-0.9548115120895477	-0.0993135306573038	0.9245560402927012	0.2961866795864365	-0.23972813600794307
38														9.429195220215316	-0.947323245043858	-2.359289810023608	0.2582151923646128	-0.024617380958660146	0.9657737307396809	0.28029045822931953	-0.9547676853854301	-0.09927701631972043	0.9245334896355585	0.2963319954012461	-0.23963550455600663
39														9.441346975661412	-0.9565250446055152	-2.305740461964829	0.25814104736071325	-0.02458275475398719	0.9657944335293192	0.2804545549855042	-0.954721077083104	-0.09926181320709279	0.9245044306304844	0.2964849964871449	-0.23955835323073366
40														9.458967760420222	-0.9655439989778177	-2.3335138588408384	0.2581434710212353	-0.02449976956397784	0.9657958944106261	0.2805280281322651	-0.9547059584809474	-0.099199588069704	0.9244814621188099	0.29654054382544026	-0.23957823788144944
41														9.441058242442809	-0.9791910366633901	-2.2980418420706252	0.25819517673479037	-0.024433907406733235	0.9657837412587404	0.28053602688468465	-0.9547084529485497	-0.09915294997297179	0.9244645954987385	0.29653794704460057	-0.23964652643409573
42														9.458384259982813	-0.988196134973424	-2.327025807727869	0.2583023865696066	-0.024353877474822955	0.9657570945866187	0.28057307163276113	-0.9547012540371336	-0.09911744051620024	0.9244234032990528	0.29656770591530407	-0.23976857016950892
43														9.488857386624234	-0.9369451783265514	-2.325597019629623	0.25839645049958465	-0.02434900490347308	0.9657320541068453	0.2805685011385538	-0.9547001228951236	-0.09914127048258659	0.9243985020206824	0.2965717473129339	-0.2398595592376343
44														9.4585714248601	-0.9649599906245002	-2.3353612233558776	0.2584163454290352	-0.024313271874662895	0.9657276309735836	0.28049089365308777	-0.9547280299904194	-0.09909211536900835	0.9244164921683264	0.2964848285517513	-0.23989767703303172
45														9.475711187824054	-0.9974219270172942	-2.355900261091429	0.2583642153004933	-0.024351106413317142	0.9657406255659997	0.280451741816914	-0.9547384192466626	-0.09910283207983409	0.9244429418650024	0.29644826602770347	-0.2398409322971134
46														9.429571682154233	-0.9465689234400975	-2.3580876531710024	0.2582909073742243	-0.024375417502731506	0.9657596213289142	0.280488054666148	-0.9547266916221047	-0.09911304401495695	0.9244524100014019	0.29648403553290753	-0.23976021003644837
47														9.435470007315125	-0.9629643821220603	-2.327403138762781	0.2582588192288293	-0.02437345151129497	0.9657682523007045	0.2804673371567793	-0.9547345933990063	-0.09909555467032674	0.9244676603747242	0.29645875097331975	-0.2397326717254511
48														9.453385098187752	-0.9491386521843571	-2.3629370138888515	0.25831743082287284	-0.024383208117363553	0.9657523306184539	0.2804531664086664	-0.9547362076006827	-0.09912010566791489	0.9244555837812993	0.29645275012752215	-0.23978665633726526
49														9.447145163159057	-0.9563919739333864	-2.3857410380083306	0.25835673831886374	-0.024379399271551805	0.9657419120326072	0.2803973895412677	-0.9547531896720062	-0.09911433170622859	0.9244615187792731	0.2963983665648109	-0.2398310000688636
50														9.452277705043507	-0.9960201459196301	-2.349038910229331	0.25846792350856773	-0.024333258797943735	0.9657133244568195	0.2804010484780251	-0.9547530932565114	-0.0991049087056143	0.9244293291158574	0.2964024686695376	-0.2399499781975617
51														9.481828907285221	-0.9914740572365489	-2.333053489079893	0.25858637110803184	-0.02430733436376631	0.9656822677119568	0.28044629648394037	-0.954737345981816	-0.09912857799867715	0.9243824768274338	0.29645531481780873	-0.24006516375903608
52														9.505782130070056	-0.9707029478418903	-2.3464692181867948	0.2585984044380636	-0.024312865775214437	0.9656789061483557	0.28040713813204865	-0.954748939529396	-0.09912769215556609	0.9243909898450344	0.2964175214546044	-0.24007905128941842
53														9.458180209949605	-0.9897463755828173	-2.327196324298798	0.2585753144296077	-0.024359522567371145	0.9656839133111415	0.2803916553635871	-0.954749874155931	-0.09916247980815265	0.9244021453729421	0.29641068040731033	-0.24004454205496617
54														9.476556540793094	-0.9527619589356704	-2.3699306719456903	0.25861661609320336	-0.024362487203043653	0.9656727784802587	0.2803363924917265	-0.9547659284141194	-0.09916415170942412	0.9244073522669677	0.2963587203994621	-0.24008864179291806
55														9.451945045137549	-0.997063768709481	-2.3499345614604055	0.2587146203114774	-0.024348162786672928	0.9656468879492142	0.2801762194048143	-0.9548155101069182	-0.09913943584311535	0.924428489022874	0.2962001158476808	-0.24020295596579788
56														9.522499007549861	-1.0036699400249671	-2.3684816759237886	0.2589090456791772	-0.024268361204822092	0.9655967857806538	0.28010647501028174	-0.9548396524673325	-0.0991039894927451	0.9243951907722217	0.29612883128884293	-0.2404188980855953
57														9.546206413797528	-0.9988650580185396	-2.2730292650984474	0.2591978452229419	-0.02415225441592983	0.9655222139538852	0.28022502384835035	-0.9548040839102805	-0.09911153998118197	0.9242783201184454	0.2962529830311893	-0.24071509508991434
58														9.528686321584873	-0.9661315860859054	-2.2542810908743514	0.2594017857898399	-0.024009576349059536	0.965471001000331	0.28027780143163017	-0.9547950985563582	-0.09904884551273946	0.924205100372041	0.2962935369127945	-0.24094620235648617
59														9.551670705141758	-0.9907513204364397	-2.25393803883499	0.2594299559534381	-0.02387665095313804	0.9654667283201734	0.2801695611444418	-0.9548424918845979	-0.09889809249799976	0.9242300119354101	0.29615151735365813	-0.24102523479295268
60														9.515913415425347	-1.001209196388624	-2.292992923067433	0.2593067243603581	-0.02378849643491099	0.9655020093914193	0.2800942929391935	-0.954879669041681	-0.0987522390315465	0.9242874064728976	0.29603872227838146	-0.24094369704847812
61														9.410505729711968	-0.9583516789591024	-2.328068620622218	0.25905900367246615	-0.02373497832736296	0.9655698231718041	0.28001711657702233	-0.9549179576302701	-0.09860075364379357	0.9243802502434372	0.29591949073866936	-0.24073389449939764
62														9.380995818215807	-0.9849296762333599	-2.335316242894879	0.25882975127766705	-0.023617000445801145	0.965634194270006	0.28006800755884176	-0.9549211900307685	-0.09842475284317982	0.9244290513584918	0.2959184991178543	-0.24054764784606586
63														9.363489368289779	-0.9811431520907855	-2.4088189270244844	0.25870366827232616	-0.023484433752259337	0.9656712139200265	0.28004925597778774	-0.9549448011934696	-0.09824887225740496	0.9244700245268795	0.2958528486340804	-0.24047092486695798
64														9.380686147176329	-1.0120676665420416	-2.4298576094498108	0.25878949277988045	-0.023256931113671137	0.9656537234339779	0.28009226320985914	-0.9549513704903906	-0.09806224598948937	0.9244329735122556	0.2958496157741262	-0.2406172943277159
65														9.445931992838076	-0.9775874505228505	-2.486146709360737	0.2590137036937128	-0.022971081516969555	0.9656004508660951	0.2802165457418887	-0.9549333089788912	-0.09788290399814226	0.9243325098639286	0.29593023640136246	-0.24090393602447469
66														9.49890510296883	-0.9734637618651886	-2.4773554530941437	0.2592017376156585	-0.022693154563933338	0.9655565648645141	0.2804028893510576	-0.954895682942891	-0.09771619282702534	0.9242232840935147	0.2960730575938434	-0.2411473941522712
67														9.534168907475163	-0.9836784156147607	-2.4322426161946833	0.2593168854389122	-0.022499669451477716	0.9655301744641837	0.2805822280877309	-0.9548540533239345	-0.09760814582901367	0.9241365517106156	0.29622204800694313	-0.24129677177075048
68														9.463867857771211	-0.9529797324621434	-2.421987294495727	0.25915873396065425	-0.0224238786063006	0.9655743991428942	0.28079531564063276	-0.9547985118420219	-0.09753867181040796	0.9241161947104859	0.2964067668804323	-0.24114785344535172
69														9.441741645031927	-0.903739297814712	-2.428401343246513	0.2588389964008809	-0.022393180749667452	0.9656608718375714	0.2810623902866715	-0.9547262749351239	-0.09747652391651083	0.9241246164389998	0.29664167846817496	-0.2408265099341359
70														9.40757073344379	-0.8845338156727499	-2.369042905931587	0.2586324189862601	-0.02229434278914913	0.9657185066720614	0.2812817661334489	-0.9546724971588665	-0.09737038158137487	0.9241157069816334	0.2968221444704804	-0.2406382651653347
71														9.413622603514016	-0.8996651026612292	-2.338351356014749	0.2586682340914284	-0.022125522937606446	0.9657127968018027	0.2813135893538397	-0.9546781254103796	-0.09722315211812071	0.9240959956178154	0.2968166742244469	-0.24072069455170936
72														9.447252992452396	-0.9864666352545359	-2.374038978138934	0.25882449377592404	-0.021883468889727198	0.96567644436995	0.2812673901907172	-0.9547122593054473	-0.09702142622736122	0.9240663053249695	0.2967248148053021	-0.24094781103346768
73														9.476495203325998	-1.0030587417239885	-2.3512344555204123	0.25887480983616046	-0.021661993077579655	0.965667950637381	0.2812893911481182	-0.9547258024268239	-0.09682417367568336	0.9240455136300448	0.29669748943387575	-0.24106117170507263
74														9.494902939438928	-0.964268982414169	-2.3942080516317166	0.25876429393879996	-0.021508315679540896	0.965701005766787	0.2814659263015006	-0.9546880595751939	-0.09668320038036445	0.924022712119996	0.29683008820060797	-0.2409853236718511
75														9.431883059348237	-0.880216391718611	-2.374488164025264	0.25848976327169254	-0.021564872371660326	0.9657732645726629	0.28158364893231436	-0.9546534049795077	-0.09668259933925946	0.9240636833777789	0.2969374220953409	-0.24069581720849637
76														9.409192904918207	-0.8782017705439452	-2.3649531211743575	0.25808745253592785	-0.021733598137961024	0.9658770716584449	0.28149438583431485	-0.954678129902565	-0.09669839207299681	0.9242033204805516	0.2968456147523806	-0.24027256067850128
77														9.43978964566587	-0.8736249601963457	-2.344688313927576	0.25788045475065674	-0.02192057087057353	0.9659281337813406	0.2811161737710025	-0.9547874537806601	-0.09671925841008043	0.9243762047467181	0.2964800274483132	-0.24005879576116657
78														9.444104429608595	-0.9672662000989057	-2.3948774211198196	0.25795946347678	-0.022027111052768528	0.9659046130863235	0.2808003981754087	-0.9548754728212511	-0.0967675967921274	0.9244501347218806	0.2961885173045383	-0.24013394310183533
79														9.497195035483886	-0.965560057672028	-2.384577311498852	0.2581310364636029	-0.022138087019902913	0.9658562383281093	0.28061853974151263	-0.9549170907415383	-0.09688438967686143	0.9244574642283805	0.2960460351242963	-0.24028138071772598
80														9.545086121823159	-0.924804586992758	-2.4108345068086288	0.2580902895651052	-0.022310450854207103	0.965863161226725	0.2805183456924011	-0.9549331806500332	-0.09701586583446103	0.9244992483297101	0.29598118905817916	-0.2402004903440203
81														9.503960310270594	-0.937687151794755	-2.3674353220147397	0.2578634401759997	-0.022497957701372723	0.9659194004262805	0.2803466964159548	-0.9549765716831095	-0.09708489761561664	0.9246146094612926	0.29582695860188524	-0.23994631594400306
82														9.480985758524819	-0.9363560825324556	-2.3587280160521775	0.25761581828326524	-0.02271348607967455	0.9659804282284153	0.28016888260454276	-0.9550197354956826	-0.09717356653884199	0.9247375235115997	0.29567110505401983	-0.2396645786213915
83														9.517870144751729	-0.902111193487583	-2.3238432693416717	0.25740280413338373	-0.02287163042281401	0.966033480240759	0.2800818019515038	-0.9550385122470424	-0.09724003465936314	0.9248232158849977	0.2955982554866617	-0.2394236636453732
84														9.459277639690754	-0.9053415060418809	-2.251898623788976	0.25725022039890205	-0.023003739177766686	0.9660709870856065	0.279965670784619	-0.9550672308749741	-0.0972923824917854	0.9249008310553274	0.2954951987641268	-0.23925099836889824
85														9.459674935123534	-0.9055623854299006	-2.2501401798195433	0.2571141629312653	-0.023087885895805627	0.9661051996263228	0.27966679485472923	-0.9551585645710384	-0.09725533600927039	0.9250290758002353	0.29519326898060455	-0.23912787974785987
86														9.40058302580429	-0.9149330304878082	-2.282382555222628	0.25697803807327096	-0.023171728001390834	0.9661394096968833	0.27932531513504005	-0.9552633956724149	-0.09720706359682811	0.9251700688374668	0.29484727556794005	-0.2390092630368959
87														9.406283219066236	-0.9539935744256949	-2.2434880173963507	0.25679715358199057	-0.023233968051264875	0.9661860093381506	0.2789993831826295	-0.9553667346880135	-0.09712747518223395	0.9253186294979153	0.2945073598064334	-0.23885319533961463
88														9.406689312312182	-0.9532805343922106	-2.2420879772244726	0.25668199306431744	-0.02325337613011963	0.966216142969616	0.2786645555432132	-0.955474961186513	-0.09702403841077571	0.9254514681605047	0.29415451559373246	-0.23877332563622639
89														9.454620395230226	-0.9335635034404791	-2.260183237863347	0.2566540840128257	-0.023258099664166892	0.9662234430811275	0.2782620124875903	-0.955603225268463	-0.09691608877202397	0.9255803225900457	0.2937371897743327	-0.23878762484179122
90														9.442156079815874	-0.9700035508944915	-2.297816785271791	0.2566264922108997	-0.023273776299873067	0.9662303942809256	0.2778495537191621	-0.9557333225479187	-0.09681653613706229	0.9257118714770769	0.2933123718977093	-0.2387998816962612
91														9.506607491198393	-1.0061646118801615	-2.3302908709378727	0.25666827992694435	-0.023264027717889685	0.9662195294516069	0.2775018300626034	-0.9558430775604103	-0.09673027133089741	0.9258045843433966	0.29295528002441656	-0.23887878833116577
92														9.506571959480919	-1.0058362153638898	-2.3305775641004667	0.2566951618482142	-0.02330771476007082	0.9662113352245371	0.27726925547637954	-0.9559114163201781	-0.09672189057460341	0.9258668121556651	0.292728738905859	-0.23891532300648305
93														9.553569844714717	-1.0336696612512395	-2.3340125480771468	0.25660657065474796	-0.02340735836667468	0.9662324582992979	0.2770346830223234	-0.9559783755272175	-0.09673225897839675	0.9259615825181579	0.2925020360589596	-0.23882568245863428
94														9.49461878991565	-1.0437741918937764	-2.365557081991765	0.25634220239278677	-0.023601817743179043	0.9662978989274653	0.2769180490741162	-0.9560040971606307	-0.09681198432566664	0.9260696892617755	0.29240232627546847	-0.23852842643863953
95														9.501489431376317	-1.0380515220155055	-2.3392081721790334	0.25600141604056564	-0.023851085114257792	0.966382119414519	0.27696138336039955	-0.955976210587198	-0.09696327613295172	0.9261509958491212	0.29247326464176804	-0.2381254340835252
96														9.443349613848357	-1.0194281302694825	-2.2734626732566587	0.25582848740615116	-0.02409866292552504	0.9664217710071947	0.27713444007564403	-0.9559021567141288	-0.09719860551076048	0.9261470116323003	0.2926949286107962	-0.2378684334040162
97														9.414476707523388	-1.0028624445829117	-2.2952096894234657	0.25568256837923964	-0.024277431429016894	0.9664559123675558	0.27716410577524825	-0.955879429947105	-0.09733742278180858	0.9261784291899711	0.29275437097882406	-0.2376728751372159
98														9.449449360411817	-1.0461078034471158	-2.34269774594675	0.2556423285560457	-0.024438166510989456	0.9664625061884312	0.27715180468042405	-0.9558683998931651	-0.09748066089263041	0.9261932179695694	0.29277701088586355	-0.23758734159022882
99														9.426286555314167	-1.0220440417006582	-2.3435907207719704	0.25567966573088624	-0.024535482632613348	0.966450163548916	0.27724154211053775	-0.9558290129672365	-0.09761160432166296	0.9261560537295606	0.2928974360797013	-0.23758378748985393
100														9.385478123098983	-0.9884266946183607	-2.3166475397987516	0.25570183321032214	-0.024579886445376065	0.9664431704322887	0.2773549833402312	-0.9557879331808616	-0.09769155542930762	0.9261159677433606	0.29302773924696923	-0.23757937267908902
101														9.415290347449343	-0.9843917217981245	-2.2989563096658925	0.25564781938479375	-0.024639630661115047	0.9664559384910852	0.2773890843203217	-0.9557728300862651	-0.09774248395056093	0.9261206661897433	0.2930719806971933	-0.2375064752517091
102														9.455901331532639	-1.0428821408866153	-2.3168145826925497	0.2555333018283788	-0.02471409774142641	0.96648432218506	0.2773207964338468	-0.9557905698749269	-0.09776278639370126	0.9261727201348485	0.2930078495723122	-0.23738258690777153
103														9.426433538436244	-1.047982200771151	-2.332663298292176	0.2554986604205403	-0.024733169366255026	0.966492992657686	0.2773614712988664	-0.9557768802655228	-0.09778123229348688	0.9261700971000077	0.2930508923088358	-0.23733968432345548
104														9.456096834884049	-1.0437294670491861	-2.315634743838554	0.25560375638346855	-0.024709751333084617	0.9664658027637182	0.27754985913128877	-0.9557162524462084	-0.09783925851302046	0.9260846588832269	0.2932505294099791	-0.23742647616031531
105														9.474840469707317	-0.9840039713328687	-2.3664128652245044	0.25571366245625565	-0.024697636081048274	0.9664370386141129	0.27780482606066026	-0.9556331738958714	-0.09792709312090082	0.9259778622897065	0.2935221690464136	-0.23750733636600402
106														9.47483764019282	-0.9849964819243634	-2.3660112714449864	0.2556501144718258	-0.024764548876722664	0.9664521385404841	0.2779645360536681	-0.9555777917129586	-0.09801428814950724	0.9259474799722778	0.293696784292777	-0.23740990549905577
107														9.45756414619393	-0.9764264812978761	-2.3362058661147262	0.25549337070870554	-0.02480437226688828	0.9664925662623333	0.2780948316680525	-0.9555374595193293	-0.09803789091399626	0.9259516197531178	0.2938246187299367	-0.23723551864083464
108														9.463515298919873	-0.9932865884346577	-2.304528995159999	0.2553986277298871	-0.024856938452747862	0.9665162562339279	0.2782873542216483	-0.9554740636557196	-0.09810943971678687	0.9259199152378171	0.2940262680305678	-0.23710939305310397
109														9.446944315862611	-0.938274022533644	-2.2902613118599917	0.2554474563771655	-0.024870500102066567	0.9665030032312935	0.2784560561388708	-0.9554175215943655	-0.09818138433565936	0.9258557240898942	0.2942087994182933	-0.23713363429683343
110														9.399991939750711	-0.911191646351062	-2.28657102665654	0.2555370291103684	-0.024858911294521446	0.9664796227974488	0.2785718961330313	-0.9553789867553102	-0.09822774735911129	0.9257961576061413	0.2943348878329732	-0.2372097138948081
111														9.47031701365578	-0.9416537862745182	-2.2965689446283926	0.2556296312005023	-0.02486852972955747	0.9664548866250227	0.27850541313249655	-0.9553961515187623	-0.09824931816066654	0.9257905953876355	0.2942783544405341	-0.2373015457167923
112														9.452013697319508	-0.9629115439614409	-2.364867968603445	0.2557109510818354	-0.024835169544665442	0.9664342315183742	0.2784516690291673	-0.9554139972130087	-0.09822811178237903	0.9257843039886201	0.294223228660057	-0.23739442749390216
113														9.463466868221499	-0.9723040363167517	-2.3130138826970836	0.25581339726612506	-0.024837665592539304	0.9664070551000121	0.27845315207039917	-0.9554099621374742	-0.0982631484867559	0.9257555551446741	0.2942361205161329	-0.23749054192197405
114														9.510919228655684	-0.9541784059379632	-2.33264381336263	0.25597673132859644	-0.02481303629146303	0.9663644375950136	0.2785798885122202	-0.9553668929366009	-0.09832266064943962	0.9256722739365413	0.2943780105759675	-0.23763928158974268
115														9.493153513963867	-0.9455769723301108	-2.304862462648852	0.2560037884440106	-0.024854196111519233	0.9663562123968391	0.27863151314305823	-0.9553454084459652	-0.09838511292275155	0.9256492533275898	0.294444255330042	-0.23764688156425084
116														9.481134379833078	-0.9603340428237398	-2.349355751570764	0.25594949365116554	-0.02490438565005118	0.9663693022210017	0.27867741475859886	-0.9553274540165291	-0.09842943719111984	0.9256504497936443	0.2944982634544562	-0.23757528831748026
117														9.440068734158725	-0.9493724032617663	-2.3145596866549374	0.2559113867340983	-0.02495673058553452	0.9663780439032712	0.27874682547092056	-0.9553012699428933	-0.09848700896758084	0.9256400863347027	0.29457875898302177	-0.23751586331508
118														9.458331050018197	-0.9288176944843978	-2.246174342102496	0.2559148984823996	-0.024971508593699315	0.966376732177104	0.2788796250653863	-0.9552573758899805	-0.09853679785328072	0.9255991137950235	0.29471981536086705	-0.2375005494215197
119														9.464350184866355	-0.922232906441587	-2.2235525178189426	0.2559877436732303	-0.02496940817692017	0.9663574927242933	0.27890461382806164	-0.95524726729844	-0.09856406395985408	0.925571440502843	0.29475275566847	-0.23756750946064775
120														9.469671211153749	-0.9458541509433311	-2.297505652351636	0.2560972364425645	-0.02490699684699546	0.9663300921499578	0.27892459900662514	-0.955243711410434	-0.09854197014376115	0.9255351282125792	0.29476955968838486	-0.23768810051334316
121														9.469429371510092	-0.9458250723056134	-2.298514194827751	0.25623220450035267	-0.02484601874764225	0.9662958825997768	0.27895117458892604	-0.9552370813234174	-0.09853101369709792	0.9254897620029886	0.2947961903029125	-0.23783167705446862
122														9.480644878767675	-0.962508998257723	-2.3504408498241163	0.256392023624131	-0.02478370811628139	0.9662550895254988	0.27914046458111064	-0.9551779243728785	-0.09856842204357733	0.9253884218291065	0.2949930517872006	-0.23798186515343817
123														9.486962124040131	-0.9325131696875278	-2.3359844632049693	0.25644710879103766	-0.0247398019622819	0.9662415963885976	0.279266549741926	-0.955140408846356	-0.09857481211778768	0.9253351147492236	0.2951181824078005	-0.23803399720283253
124														9.469492711759452	-0.9233153009135314	-2.3072593713865968	0.25635760653960676	-0.024743748413329686	0.966265245408186	0.2793639172754069	-0.9551118603480878	-0.09857553422099459	0.925330524349988	0.2952102321005705	-0.23793768001160204
125														9.445678739505036	-0.9444602565167614	-2.2929369785545295	0.25626493587889954	-0.024759395748414265	0.9662894260836952	0.2794420980495522	-0.9550883352702184	-0.09858187292006274	0.9253325869527389	0.2952850218906071	-0.23783683350233153
126														9.44022195182405	-0.9284919010131093	-2.322263626884947	0.2562912674122032	-0.024728681213497083	0.9662832289622373	0.2795501840958166	-0.9550561128767624	-0.09858760484322311	0.9252926460424514	0.29539179674149674	-0.23785963423327783
127														9.463293108752076	-0.9540251079700286	-2.320936241379382	0.2564213318546224	-0.024642643619951943	0.9662509201472058	0.27961648123402977	-0.9550394859701067	-0.09856065980021798	0.925236577309934	0.29545273793514737	-0.2380020076688935
128														9.439449885095728	-0.951498232245815	-2.3162100834509056	0.25651298775965975	-0.024579055198812066	0.9662282117368268	0.2795514280975765	-0.9550637569409566	-0.09850999556608975	0.9252308285823696	0.295379569746046	-0.23811514781177318
129														9.456455896354164	-0.983792928891826	-2.3376011537100747	0.2565755793506781	-0.024506999719306394	0.9662134231346731	0.2795833412159078	-0.9550588759567102	-0.09846673941415651	0.9252038301884695	0.29540133787961087	-0.23819303554789917
130														9.450235664916441	-0.9906180336088866	-2.360904927896326	0.25669623052055396	-0.02440468128088455	0.9661839663170345	0.2796652394345751	-0.9550392229062756	-0.098424776162194	0.925145609668305	0.29547333930856545	-0.2383298274855769
131														9.45001179117418	-0.9906169239145766	-2.361801326875145	0.25679869582829185	-0.02434281714495634	0.9661582981449451	0.27981148558929275	-0.9549954689102326	-0.09843366747835294	0.9250729497467768	0.29561982615239657	-0.23843019110931685
132														9.46239240935864	-0.953173113630619	-2.324955114443051	0.2569052544392355	-0.02423496186370741	0.9661326807768058	0.27995267994831163	-0.9549578535584404	-0.0983971286004611	0.9250006417464103	0.29575017252830493	-0.23854904782498731
133														9.491856570091468	-0.9481626420599697	-2.309137714658166	0.25706559365813486	-0.02416005149103828	0.9660919068438265	0.27997456152810263	-0.9549532646055335	-0.09837940494016244	0.9249494718385092	0.2957711181491258	-0.23872142805889573
134														9.5030161662837	-0.9642698944829299	-2.3614207460507415	0.25723909124993694	-0.024040155719637885	0.9660487155655673	0.27989666112859934	-0.9549847291150684	-0.09829560644343088	0.9249248126317993	0.2956792824497438	-0.23893064455618918
135														9.472026416177915	-1.01506935856547	-2.3651862071414773	0.25743266610258947	-0.02393348790191993	0.9659997984369159	0.27986842733612816	-0.9549983106747121	-0.09824403284092728	0.9248794979908009	0.29564406769846663	-0.2391495336206813
136														9.448514283167796	-0.9893563653108554	-2.368312073659662	0.2575425655645742	-0.023865228927139992	0.965972193062861	0.2799323267446422	-0.954981250721191	-0.09822781283486579	0.9248295623333788	0.29570468650199944	-0.2392676723149334
137														9.449024140962182	-0.9660350327065944	-2.375517062922563	0.25744103378348876	-0.023842001631603466	0.9659998307881257	0.2800480128484316	-0.9549499175993701	-0.09820267499717847	0.9248228071496365	0.29580773119571335	-0.2391663888189795
138														9.456182755050975	-0.9122613027961471	-2.3671469447716955	0.2574477590801894	-0.023791233728351124	0.9659992901354909	0.28010247572470565	-0.9549374374504279	-0.09816869994301285	0.9248044411860704	0.2958521045274033	-0.2391825198655349
139														9.419430181611615	-0.9702565417712575	-2.392158611767547	0.2575528716735209	-0.023696880496069606	0.9659735897774213	0.2799709537061339	-0.9549856708978972	-0.09807463209500876	0.9248149995396922	0.29570395031931596	-0.23932486371447248
140														9.488905766578734	-1.0228753597455562	-2.3967737410397576	0.25794484980568744	-0.023530721480111982	0.9658730556368921	0.2798694095580703	-0.9550222802351992	-0.09800794788167921	0.9247364857365251	0.2955989671852496	-0.2397575495092391
141														9.540093618018993	-1.0894555181170518	-2.3669767731560363	0.2582892828633427	-0.02334447053423766	0.9657855259080125	0.27986416595819225	-0.9550316805222553	-0.09793129127792784	0.9246419279756167	0.2955833636967971	-0.24014116709806638
142														9.522855490072555	-1.0335442833988988	-2.355928716864266	0.25841943808567813	-0.023286417693658384	0.9657521093792542	0.2800548994289709	-0.9549723510786041	-0.09796459554978162	0.92454780694419	0.2957795655997888	-0.2402619429878332
143														9.505854569932204	-1.0015396361367752	-2.334455853790093	0.25825547253919146	-0.02335692286805008	0.9657942664241154	0.2802571885970547	-0.9549057820566274	-0.09803497148719993	0.9245323245529246	0.29598885375797035	-0.24006369843816255
144														9.442541995711377	-0.9419681969865271	-2.3068397654979766	0.257946421759724	-0.023525726350272946	0.9658727575105568	0.28027669534980987	-0.9548924432254602	-0.09810910209914864	0.9246126851526235	0.2960185164320019	-0.23971737605824933
145														9.383794495399915	-0.9522796644178021	-2.337485649481418	0.2577214797942614	-0.023646468065738196	0.9659298542858443	0.28012615540035346	-0.9549356725513832	-0.09811828753833124	0.9247210259928522	0.2958694067267747	-0.2394834404502183
146														9.400731581115933	-1.0085331446009864	-2.3495877874033737	0.25778196906478956	-0.02367357221983271	0.965913049090565	0.28009489909429464	-0.9549409528292594	-0.09815612110766778	0.9247136334706203	0.29585019619378083	-0.23953571233881732
147														9.41225653535696	-1.0024156099976904	-2.4090687991681774	0.258061624826666	-0.023612942379870272	0.9658398556406679	0.2801942878481998	-0.9549062123170148	-0.0982104207078497	0.9246055152599196	0.29596715126942313	-0.23980843713347783
148														9.441823747843925	-0.97475711799554	-2.401818433181936	0.2582900062095229	-0.023517235809684706	0.9657811410004631	0.28032536914976247	-0.9548665373935175	-0.09822211144729105	0.9245020065437035	0.2961027446444669	-0.24004000606290543
149														9.470771044062847	-0.9933450478816261	-2.378767953594964	0.25839546033974514	-0.023480438693889855	0.9657538273672819	0.2803883003290758	-0.9548466856479183	-0.09823547193227951	0.9244534531897122	0.29616967418344536	-0.2401444085955129
150														9.506595035649024	-0.9817011459086794	-2.339224215887257	0.2583540806867261	-0.023469282658489854	0.965765169057164	0.28065684674224384	-0.9547630926806008	-0.09828108277626714	0.9243835261238798	0.2964399258306322	-0.24008012621687785
151														9.471776815036435	-0.9635878538339062	-2.2814004175089524	0.25822374981329077	-0.023528145253138816	0.9657985925716137	0.28090162978219513	-0.9546828225827717	-0.09836148967506715	0.9243455898191268	0.2966936713958337	-0.23991268398230103
152														9.454988612979529	-0.9316570999553362	-2.259033704548847	0.25812593706490083	-0.023577197851921056	0.9658235430738986	0.2810080629044248	-0.9546468554231365	-0.09840655472792788	0.9243405590998754	0.2968054870991593	-0.2397937314250752
153														9.461218567240067	-0.9245818822354532	-2.235870147147779	0.25816540470554966	-0.02353219618784183	0.9658140916117328	0.2809540023342345	-0.9546675056771203	-0.09836057226653448	0.9243459700705112	0.2967426314953787	-0.23985065825968283
154														9.4540956427161	-0.9778915550332397	-2.2442370533903473	0.2583304089437761	-0.02345950645760131	0.965771738751817	0.28087055220439505	-0.9546963005582576	-0.09831941112911496	0.9243252310303665	0.296655735250717	-0.2400380012071357
155														9.459159677717494	-1.001623604048598	-2.3187587459364933	0.2584599923292222	-0.02343794220490425	0.9657375912898792	0.28080650743991886	-0.9547148151783718	-0.09832256637375936	0.9243084646072289	0.2965978498643021	-0.24017405711545897
