// Start Time: 1748342924.2155054
// Update Rate: 100Hz 
// Filter Profile: 46.1 human
// Option Flags: AHS Disabled ICC Disabled 
// Firmware Version: 4.0.2 
PacketCounter	SampleTimeFine	Year	Month	Day	Second	UTC_Nano	UTC_Year	UTC_Month	UTC_Day	UTC_Hour	UTC_Minute	UTC_Second	UTC_Valid	Acc_X	Acc_Y	Acc_Z	Mat[1][1]	Mat[2][1]	Mat[3][1]	Mat[1][2]	Mat[2][2]	Mat[3][2]	Mat[1][3]	Mat[2][3]	Mat[3][3]
0														9.629925420011146	-0.7177166619463127	1.0867649001455724	0.09105425113033719	-0.10094251010674732	0.9907167773912191	0.9876659808572235	0.13640383710816792	-0.0768758966094491	-0.12737752395313628	0.9854971348895527	0.11211763249395959
1														9.643855449250568	-0.7380693140588644	1.1111309037201367	0.09110142371288638	-0.10095879398421642	0.9907107814668907	0.9876660777691644	0.1363760183943532	-0.07692399125745963	-0.1273430383710072	0.9854993168562601	0.11213762550671647
2														9.671968291332691	-0.7566235402428231	1.103711700982693	0.09111167911564663	-0.10102980977985049	0.9907025988986682	0.9876875523450177	0.1362090604219823	-0.07694407580619411	-0.1271690248112174	0.985515128952777	0.11219612174115454
3														9.674238223728073	-0.7296501157979186	1.1255251892708302	0.09117507895633717	-0.10110992162859733	0.9906885932146212	0.9876837486475949	0.13620658850372733	-0.0769972590785647	-0.1271531267202699	0.9855072546645386	0.11228327288079817
4														9.647323397369094	-0.7884609080062716	1.0915670569185072	0.09118549270288295	-0.10111944106420695	0.9906866631581326	0.9876834568903115	0.13620331617768375	-0.07700678961888224	-0.1271479252907312	0.9855067302160168	0.11229376560254065
5														9.649617447811627	-0.7614689367446087	1.1131729615699244	0.09118549270288295	-0.10111944106420695	0.9906866631581326	0.9876834568903115	0.13620331617768375	-0.07700678961888224	-0.1271479252907312	0.9855067302160168	0.11229376560254065
6														9.663794742962077	-0.7595826129389827	1.0815151458412817	0.0911975002103291	-0.10099900509014925	0.9906978434044296	0.98763853867627	0.13653441584670872	-0.07699655973353747	-0.1274877754013664	0.9854732641021767	0.11220210721288953
7														9.64367789313879	-0.7597446117108159	1.1669340662080596	0.0912138463602502	-0.10099567014222938	0.9906966785271316	0.9876315277434624	0.13657852221722563	-0.07700826368691416	-0.12753038712120007	0.9854674940765328	0.11220436033967682
8														9.657850713339892	-0.7576263743414986	1.1354644874872248	0.09121260432850326	-0.10091478009063282	0.9907050358057494	0.9875771581615044	0.13699240841793334	-0.07697036256573808	-0.12795162167498675	0.9854183310630635	0.11215656608343402
9														9.635642078838565	-0.7620409751970654	1.1439937505917048	0.09116716026969424	-0.10090034647045476	0.990710688834284	0.9875766630988358	0.1370222786945594	-0.07692353114566702	-0.12798782516680163	0.9854156560677794	0.11213875951507374
10														9.629945204312516	-0.7377633353924546	1.141966448693255	0.09115059806750075	-0.10077338777099076	0.990725134832611	0.9875596422790748	0.13715329122251255	-0.07690856680799218	-0.1281308761133072	0.9854104216132439	0.1120213353002282
11														9.666536181909112	-0.7306252848118809	1.1004974805668328	0.09114532249965646	-0.1006281520151806	0.9907403823446606	0.9875567737887816	0.13716722399180717	-0.07692055126086439	-0.1281567350174289	0.9854233241020793	0.11187816402355469
12														9.717038602523848	-0.7440384525264945	1.0834297816377587	0.09115259623272359	-0.10056663536675586	0.9907459593917325	0.9875451310624896	0.1372476002332547	-0.07692665562068324	-0.12824125044151963	0.9854184126964661	0.1118245661917486
13														9.700765229914245	-0.7503614961363031	1.037996495629394	0.09119002326855563	-0.10066184635111802	0.9907328461020477	0.9875466291216293	0.13722114371406477	-0.07695461667964332	-0.12820310045699806	0.9854123758137947	0.11192146633342945
14														9.694456965641288	-0.7710359272086713	1.1490539352510527	0.09121701857614342	-0.10093928759997145	0.9907021327023022	0.9875996040224324	0.1368186814290192	-0.07699136670276413	-0.12777510577892098	0.9854399568877015	0.11216779266951249
15														9.680352058656466	-0.7504603580705445	1.126265722592549	0.0912603070226147	-0.1010242002985256	0.9906894908679416	0.9875941693935011	0.1368412441160628	-0.07702097434289407	-0.12778620012387382	0.9854281226263089	0.11225908513385363
16														9.686174524764118	-0.7738481471842137	1.1278542218845322	0.09124843345857242	-0.10095936355841634	0.9906971940513589	0.9875534928535454	0.13715658986063078	-0.07698161215878219	-0.12810863415132845	0.9853909258602304	0.11221809608168748
17														9.664151094177772	-0.7562649234734162	1.0806556326784542	0.09126003243812711	-0.10091027376606088	0.990701127044807	0.9875455890296944	0.1372066257506386	-0.07699384026088318	-0.12816128927014664	0.9853889884195901	0.11217497686218156
18														9.658198275532893	-0.7545591939137694	1.1345502263024068	0.09125668589344199	-0.10084046460138807	0.9907085434065478	0.9875152461328196	0.13743627751088985	-0.07697342579870231	-0.12839725828452997	0.9853641308282577	0.11212347542816267
19														9.627801923073228	-0.7625073140564282	1.1206191505744496	0.09127084629004223	-0.10091017400306806	0.9907001410114826	0.9875145725864545	0.13743841918906924	-0.07697824277159909	-0.1283923733984736	0.9853566956759778	0.11219438818241634
20														9.621947151844898	-0.7385754329202622	1.1196491017785692	0.09129649251905103	-0.10089431355516232	0.9906993933307678	0.987480733445262	0.13768136047494065	-0.07697820504647307	-0.12863417713860603	0.9853244036711979	0.11220101604652108
21														9.591546345789062	-0.7464899163567489	1.1057880928459	0.09129898368619369	-0.100956648252641	0.9906928135156023	0.9874730869449289	0.13774327930838606	-0.07696552192264128	-0.12869109579656546	0.9853093647068234	0.11226779450810784
22														9.630065921902526	-0.7345786732759145	1.1430009328688624	0.09129554718700772	-0.10097455450393189	0.9906913053048144	0.98747516856716	0.1377307759600347	-0.07696119032801779	-0.12867756030902788	0.9853092776870513	0.11228407178552663
23														9.630125430232361	-0.7342098054465642	1.1427365425401559	0.09129204699004945	-0.10092644468319845	0.9906965301846855	0.9874689194230081	0.1377769617828106	-0.07695870305205721	-0.12872798969114435	0.9853077496729167	0.11223966814174655
24														9.62209444355233	-0.7372379118713823	1.119264760591078	0.0913053192054866	-0.10085929106464686	0.9907021460008663	0.9874751285961234	0.1377163124036159	-0.07698758147922208	-0.1286709333488119	0.9853231047244793	0.11217027327799065
25														9.672557809502136	-0.7507468217695666	1.1025579245234516	0.0913160286126159	-0.10081656060551147	0.9907055082243641	0.9874775094802904	0.13768838297965705	-0.07700699619547868	-0.12864505893746214	0.9853313809577582	0.11212724250089443
26														9.658505946186972	-0.7520714167215569	1.1335824826019745	0.09126719289982924	-0.10079113826601555	0.990712595028057	0.9874720814929165	0.1377570253708954	-0.07695381883317826	-0.1287213570944329	0.9853243874014304	0.11210113210741485
27														9.658621263139361	-0.7515415397292916	1.1329511928476617	0.0912714605015387	-0.10069827813404797	0.9907216447008482	0.9874616137388796	0.13782737883004614	-0.07696216627048896	-0.12879860981440566	0.9853240433612065	0.11201539038989072
28														9.681031045831668	-0.7461687401820544	1.1232770670934824	0.09125459198100708	-0.10071520653545002	0.9907214778205333	0.9875117188458273	0.1374548600406385	-0.07698549599351773	-0.12842587194385474	0.985374349485377	0.1120008338885497
29														9.673020568039309	-0.7490348503968219	1.099658692263288	0.09125364208961856	-0.10066521251210891	0.990726646353711	0.9875071819122644	0.13748634717750063	-0.07698746658700606	-0.12846142797383736	0.9853750653074591	0.11195375024197651
30														9.678959586971384	-0.7722656400200064	1.1004400469057676	0.09123493533864058	-0.1006307853640992	0.9907318666575531	0.9874945142176615	0.13759194239341985	-0.07696130052455863	-0.12857204581004256	0.9853638426618927	0.11192554047584444
31														9.659092281245474	-0.749958776549923	1.129980496322829	0.09123082438306848	-0.10055035153272202	0.9907404117573038	0.9874894117766264	0.13762723946042307	-0.0769636575765198	-0.12861414506747743	0.9853671243577946	0.11184825400252105
32														9.667374791342144	-0.7462646395094781	1.1518487240893525	0.09119012790768743	-0.10052018580815503	0.9907472194345404	0.9875228004878076	0.13739310122040638	-0.07695358506110278	-0.12838644433466034	0.985402875976183	0.11179486986874676
33														9.653539073835852	-0.7254835393428367	1.1266832194069343	0.09120634923070553	-0.10039596861380662	0.990758321361018	0.9875101435333177	0.13747089632006154	-0.07697706855788605	-0.12847224711513833	0.9854046895316941	0.11168025595481218
34														9.637399844049435	-0.7318463420360215	1.0798942883983391	0.09121798627368824	-0.1002982417073438	0.9907671480678941	0.9875075811815651	0.1374760195042303	-0.07700078681550743	-0.128483680244255	0.985413926617484	0.11158555972528125
35														9.673819631955917	-0.7468924980044911	1.0940725740604316	0.09118317759838712	-0.10018755775395821	0.9907815507943003	0.987507046612083	0.1374922610033628	-0.07697864025601547	-0.12851249361265576	0.9854229200883653	0.1114729005183622
36														9.659892052750992	-0.748274024196796	1.1242461412228075	0.09117963529512954	-0.10007533174700706	0.9907932186299894	0.9875041272255518	0.13750803495991268	-0.07698791485658624	-0.12853743742563373	0.985432122622959	0.11136273561143048
37														9.674184895065327	-0.7461602798285337	1.0913390778002887	0.09115925617743711	-0.09993119303366504	0.9908096419959009	0.9875029900604566	0.13751769130687894	-0.07698525312866322	-0.12856062630072546	0.9854454024635231	0.11121836237182639
38														9.688474328325146	-0.7439526879060501	1.0584351030398818	0.09115231185367204	-0.09982939946950276	0.990820542300819	0.9874855836230447	0.13764726769023647	-0.07697695651340536	-0.12869917707734285	0.9854376290252826	0.11112695946818638
39														9.680374736389416	-0.769026166551682	1.0902132446120967	0.09115136410617616	-0.09977948689167543	0.9908256571250146	0.987481053567264	0.13767863510166303	-0.07697897298762263	-0.1287346016705272	0.9854383021946005	0.11107994823798575
40														9.660515229213026	-0.7467387400956924	1.1199037946879118	0.09112512122330316	-0.0997612746478731	0.9908299048588864	0.98749244860619	0.13760557933905093	-0.07696342300414649	-0.1286657539044067	0.9854503501523533	0.11105283047637671
41														9.666489015178273	-0.7699405907528051	1.1205049079996585	0.09110850658265274	-0.09968001093078233	0.9908396113645832	0.9874907542921918	0.13762212588014114	-0.07695557585821244	-0.1286905210795155	0.985456262798644	0.11097163554356163
42														9.677175280693481	-0.7172003679238902	1.1081442964655055	0.09109180066150888	-0.09951909048747365	0.9908573229687462	0.9874736606827004	0.13775038073163434	-0.07694544863861125	-0.12883343242400758	0.9854546073954071	0.11082041081413144
43														9.689068635217255	-0.7420197700532963	1.054343762169562	0.09109652859494594	-0.09949761732864265	0.9908590447807764	0.9874713600859637	0.13776350128684295	-0.07695148291726844	-0.12884772209056256	0.9854549415671487	0.11080082424314425
44														9.65279008719069	-0.7486481456871659	1.094200790213008	0.09110495394548687	-0.09939235773889599	0.9908688342004172	0.9874359378609001	0.13802096283669466	-0.07694467128005694	-0.12911295824724556	0.985429537329146	0.11071797944286174
45														9.661010112745704	-0.7451243280728458	1.116705452737801	0.0911020292656394	-0.09937673587475737	0.9908706699819918	0.9874285906122354	0.13807754633053826	-0.07693743978631035	-0.12917119920948578	0.9854231860303555	0.11070657491118846
46														9.655182308749138	-0.7211810972411211	1.1153072993735305	0.09112320938888002	-0.09934803047258078	0.9908716009412574	0.9874048480228191	0.1382437883783405	-0.07694362271065036	-0.12933764653690216	0.9854027723809309	0.1106939446052565
47														9.630653799164108	-0.753027191029588	1.1023756059333123	0.09115290587993932	-0.09932827553141566	0.9908708500251674	0.9873957244121624	0.1382941833834146	-0.07697013872207392	-0.12938636389598301	0.9853976925699944	0.11068223125464449
48														9.652928550579107	-0.7476827091152132	1.0936392739802043	0.09113625846453483	-0.09932840531020848	0.9908723683157268	0.9873815319651632	0.13841207321781393	-0.07694029062639884	-0.12950634242080078	0.9853811272223952	0.11068939148224113
49														9.667012773622593	-0.7677703337525571	1.117471403392435	0.09115279248196403	-0.0992752941685412	0.9908761700588474	0.987376909695134	0.13843334622364403	-0.07696133350074086	-0.1295299448916255	0.985383491144983	0.11064071924611726
50														9.669409808920792	-0.7405758136001575	1.1383598302895244	0.09113523728497608	-0.09921730018171848	0.9908835935011049	0.9873736256877643	0.13846419167061796	-0.07694797541977255	-0.1295673254382086	0.9853849983481857	0.11058351237474873
51														9.66723795939275	-0.7449029438690329	1.0607541877459048	0.0911283405180505	-0.09917757672428162	0.990888204506203	0.9873760748263091	0.138446553056154	-0.07694828657911595	-0.1295535117818828	0.9853914756186852	0.11054197104725777
52														9.639172015708715	-0.7482095436415054	1.1231970954360466	0.09114292681919312	-0.09911766223892071	0.9908928579433411	0.9873490228357298	0.13863889289780576	-0.0769491031877596	-0.12974927358625526	0.985370461505906	0.11049968142703895
53														9.653341160103695	-0.7460623594905412	1.0911009764401616	0.09112520871554963	-0.09905342144044332	0.9909009113112625	0.9873458448392087	0.13866848326229173	-0.0769365610648523	-0.12978589682742003	0.9853727576154512	0.11043617855587376
54														9.673407809815501	-0.7676032626122473	1.0599660843886252	0.09113056743255121	-0.09898152929186527	0.9909076024223777	0.9873526922138693	0.13860774163876619	-0.0769581388537019	-0.12973003066925498	0.9853885278492158	0.11036108157185434
55														9.6840225104253	-0.7371838213774444	1.1032448788801694	0.0911263067317147	-0.09890102379535376	0.990916032625201	0.9873475216478906	0.13864326988190961	-0.07696047824838481	-0.1297723688510216	0.9853916131207343	0.11028372987032836
56														9.684113756330799	-0.7369045413716097	1.1026303203268781	0.09111627616517773	-0.09883923831085062	0.9909231197161168	0.9873447385340374	0.13866551652914522	-0.07695610316835438	-0.12980058361557595	0.9853946820923258	0.11022308740558684
57														9.65378783113238	-0.7447851278977502	1.088017268991157	0.09108349138796101	-0.09877605186405436	0.9909324342127108	0.9873432781596903	0.1386910183960274	-0.0769288794221577	-0.12983469747896864	0.9853974289566734	0.11015833303078906
58														9.684312321688575	-0.7360582817996304	1.1014509722076633	0.09109039693938373	-0.09876846968845737	0.9909325552129304	0.987353481487927	0.13860889457509099	-0.07694593516452103	-0.12975223381158751	0.985409744086222	0.11014533163430726
59														9.648076108080076	-0.7204912303335321	1.085737505566462	0.0911075481937367	-0.09874776378142958	0.9909330420418391	0.9873477248267104	0.13864088623679233	-0.0769621656594704	-0.12978399339535251	0.9854073187325352	0.1101296111257608
60														9.665775946269733	-0.7912715708400826	1.08901164792439	0.09110224748540835	-0.09867967936495231	0.990940311715866	0.9873529170576802	0.138599295915765	-0.07697046413621195	-0.1297482087768348	0.9854199896755111	0.1100583766331236
61														9.66819261223564	-0.74193356417693	1.0541137760077814	0.09110559655013492	-0.09859321456829673	0.9909486103317029	0.9873528074489099	0.13859143574783447	-0.07698602184883468	-0.12974669128729038	0.9854297498951627	0.10997274262996667
62														9.674133000200715	-0.7653356848572699	1.0549755502285765	0.0911053767473397	-0.09858980935688455	0.9909489693312665	0.9873394422606542	0.13869276930005114	-0.07697494072946098	-0.12984851205980968	0.985415833663564	0.10997726438222366
63														9.670585495867982	-0.7365437802566355	1.1309646771457196	0.09109625942559366	-0.09863407472588431	0.9909454025432654	0.9873365544410093	0.13872349379681856	-0.07695661461733178	-0.1298768639258796	0.9854070791159222	0.11002221886967142
64														9.690545348991138	-0.7580229304283825	1.1007293456018403	0.09110149310606941	-0.098719171456229	0.9909364475791782	0.9873926921377931	0.13830036489262623	-0.07699792583861303	-0.12944570084296703	0.9854580327226334	0.1100739582086108
65														9.668345212444507	-0.7406789997078227	1.0535962483161885	0.09112119820047129	-0.09869655012200546	0.9909368891269132	0.9873886577527773	0.13831766117832156	-0.07701858962177427	-0.12946260378842483	0.9854578710427822	0.11005552516865219
66														9.676558638283142	-0.7371896172995033	1.0762870050784585	0.09112312626845767	-0.0986525990504526	0.9909410883395913	0.9873509818460608	0.13859957096285386	-0.07699478928169579	-0.12974827361734964	0.9854226624294287	0.11003436673973233
67														9.637974458946527	-0.7706366934836705	1.0951409915542376	0.091130001467634	-0.0986786234443694	0.9909378649076002	0.9873477983242617	0.13862171277570876	-0.07699575242415613	-0.1297676692275162	0.9854169422240787	0.11006271848816332
68														9.654363867794236	-0.7416100525224111	1.0850708394801953	0.09112622767673137	-0.09868831443746967	0.9909372468642501	0.9873692192012602	0.13846192792968287	-0.0770085676265247	-0.12960723592185058	0.9854384359803947	0.11005931713949224
69														9.65211392099978	-0.7681716191188049	1.0633189593725128	0.0911174102529172	-0.09868300329612634	0.99093858659821	0.987368889243988	0.1384692333626158	-0.07699966211005399	-0.1296159484858811	0.9854379413603	0.11005348529546549
70														9.676691687298588	-0.7357653285183579	1.0760653814558845	0.09110733034624532	-0.09877366119772252	0.9909304810181074	0.9874060226698131	0.1381996184856832	-0.07700786872646126	-0.12933986528739078	0.9854667063396962	0.11012070624287909
71														9.632233683723543	-0.7453923612890223	1.0937271353061648	0.0910956562837299	-0.09882000799934709	0.9909269334442601	0.987401526600364	0.1382443804732792	-0.07698517087614698	-0.12938240480647617	0.9854557814973576	0.1101684893239665
72														9.676715001578481	-0.7347193678043129	1.0765702832929671	0.0910780493042912	-0.09894405720228722	0.9909161732857508	0.9874479698047274	0.13791023614711556	-0.07698878940708992	-0.12903990027680395	0.9854901523151804	0.11026270369601482
73														9.646307511297158	-0.7425649601425162	1.062729891673154	0.09107984111109022	-0.098974191764587	0.9909129991617458	0.9874415185955963	0.13796077346536817	-0.07698098686338567	-0.12908799284519823	0.9854800527404828	0.11029667154458433
74														9.66856795488357	-0.7592342882336165	1.1098227733960273	0.0910663776029835	-0.0990822979369757	0.9909034327853545	0.9874684224920549	0.13777161529802823	-0.07697464906854207	-0.12889154142659603	0.9854956520724487	0.11038700238241633
75														9.64045455738148	-0.7401591090457659	1.1175091929706247	0.09106076596717771	-0.09910758239544754	0.9909014199269273	0.9874687173289718	0.13777465781042464	-0.07696542055946942	-0.12889324729459845	0.9854926842838307	0.11041150313669101
76														9.662735341899047	-0.7345987319052972	1.108723662012704	0.0910235397055473	-0.09906273074658906	0.9909093251133034	0.9874682684043479	0.13779670680736755	-0.07693170014736683	-0.12892297744774828	0.9854941110783333	0.1103640472071144
77														9.648753502614758	-0.7136603335980155	1.0842282767552103	0.0909974931357121	-0.09901094960083928	0.9909168926313427	0.987470551737702	0.1377906890354967	-0.07691316835211681	-0.12892387557723378	0.985500156202049	0.11030900431008725
78														9.662898958217014	-0.7336346514975355	1.1079357573010917	0.09099323541949284	-0.09902302321681128	0.9909160771633974	0.9874764192470351	0.1377492938169717	-0.07691198530775145	-0.12888193255436137	0.9855047300373189	0.11031715431030942
79														9.668774308701026	-0.7570239797814516	1.1095348833933545	0.09101406657962782	-0.09910413553170738	0.9909060550855224	0.9874794748827628	0.13771985522631622	-0.07692547147535678	-0.12884380609832397	0.9855006909165288	0.11039774378646514
80														9.632413238567004	-0.7415100913958103	1.0947842383451138	0.09103935181729111	-0.0992237428093452	0.9908917626479657	0.9875051098444803	0.1375178708713491	-0.07695773659647287	-0.12862929080006869	0.9855168613747387	0.11050349086954442
81														9.660524746707448	-0.7598488117195566	1.0876530374578646	0.09104622413420108	-0.09924997205525016	0.990888504382777	0.9875020504353305	0.13753925737738473	-0.07695877510781463	-0.12864791275773768	0.98551123571835	0.11053198096464176
82														9.652351392105476	-0.762681931143166	1.0651135513383874	0.09103819858666501	-0.09929113361123726	0.9908851180557167	0.9874927866825747	0.13761817012653899	-0.07693656803437088	-0.12872467769615648	0.9854960730704204	0.11057778852374578
83														9.646498010088166	-0.7606491119550242	1.1196014076177363	0.09101242856628947	-0.09932144525173803	0.9908844475313816	0.9874914765830703	0.1376458654835778	-0.07690383209609086	-0.1287529476254931	0.9854891507410837	0.11060656512777259
84														9.654698745594912	-0.7346758912287812	1.0868069535704674	0.09100135185167904	-0.09931892187525299	0.9908857177892437	0.9875038999243417	0.13755712941551101	-0.0769030804401249	-0.12866546387971745	0.9855017949778184	0.11059570742174124
85														9.662921963269943	-0.753288785427428	1.165158065479295	0.09100396365180449	-0.09937068558172252	0.9908802881512375	0.9875081151363501	0.13752730370287183	-0.07690229694925532	-0.12863126035110767	0.9855007395143022	0.11064488816592047
86														9.626649312939392	-0.7376348580514779	1.1497168744914101	0.09100806261045746	-0.09929127814811795	0.9908878718722947	0.9874781845530958	0.13774781327061028	-0.07689196948243743	-0.1288579356175399	0.9854779459850327	0.11058413270224524
87														9.693484532982858	-0.7221911394572613	1.122551930411954	0.09101183173687755	-0.09915535487921812	0.9909011363817659	0.9874806556127711	0.13771612682626289	-0.07691698903717592	-0.12883633522601706	0.9854960598656646	0.1104477918058136
88														9.752105700654502	-0.7098885974793296	1.0728917268870428	0.09097781520408627	-0.09922856611892894	0.9908969314750515	0.9875265783459082	0.13739030469620528	-0.07691008539786681	-0.12850795384377744	0.985534167769675	0.11049031612508109
89														9.71932628805517	-0.7448213203126851	1.0383268430355956	0.09102787728640108	-0.09944567405111931	0.9908705684746373	0.98753044716742	0.13734766942614487	-0.07693655581400866	-0.128442755630855	0.98551822693227	0.11070809776266374
90														9.702790589621296	-0.7955694308541499	1.1060549460755424	0.09105901453819351	-0.0997213229207346	0.9908400040502362	0.9875385253090234	0.13728851432962094	-0.07693844853937032	-0.12835854822259762	0.9854986157210495	0.11098000500127506
91														9.690790744794059	-0.7479602133152176	1.1054426372818549	0.09109098421426232	-0.0998702761711523	0.9908220630024218	0.9875343491433028	0.1373130833124582	-0.07694820604367236	-0.1283679938964169	0.985480108925961	0.11113331208186758
92														9.668462624787047	-0.7526351161058765	1.1152221703021132	0.0910764684473723	-0.09995680037112326	0.9908146723553919	0.9875339723981846	0.13733134609920106	-0.07692044421376831	-0.12838119120267105	0.9854687917119189	0.11121839014854673
93														9.648467411437846	-0.7302389249003212	1.1459921684380874	0.09106476533056954	-0.1000032913031802	0.990811056783189	0.987529600810407	0.13737547795169394	-0.07689776057065756	-0.12842311333450385	0.9854579239044532	0.11126627600220215
94														9.623964001240045	-0.7617184931905641	1.1335699443562957	0.09105183846457923	-0.10005769328112624	0.9908067524636079	0.9875333795586653	0.1373583994211836	-0.07687973963205524	-0.12840322024646494	0.9854547823841089	0.11131704679260568
95														9.615775549971964	-0.7644510743108849	1.1113515646546395	0.09103742519327926	-0.10014491865149544	0.9907992644741239	0.9875365522237084	0.13734939821441833	-0.07685506380356094	-0.1283890386142461	0.9854471767063031	0.11140070325310847
96														9.623891958578799	-0.7387403819119674	1.0792038805511104	0.09109491190484581	-0.1001655296301211	0.9907918972715544	0.9875055319677475	0.13755469920249214	-0.07688646864311349	-0.12858670754842794	0.985416445672199	0.11144454782817242
97														9.617920512898571	-0.7148842451778601	1.078638325669733	0.09109205897272127	-0.10027086927833545	0.9907815044530641	0.9875039225595279	0.1375769018279166	-0.07686741190503171	-0.12860108756016125	0.9854026328651648	0.11155003998540286
98														9.640085824779629	-0.7314946084402545	1.1263602350136532	0.09109064143927606	-0.10037741741451095	0.9907708459151265	0.9874975557622212	0.13763478487957473	-0.07684558123141089	-0.12865097125875663	0.9853837019477985	0.11165969518959093
99														9.640042315591877	-0.7311584769659099	1.1269506658063702	0.09111665769501148	-0.10041581043962089	0.9907645632057318	0.9874947315608624	0.13764393702340258	-0.07686547820861	-0.12865422585376213	0.9853785118493563	0.11170173926809493
100														9.65409592333959	-0.7514509542381	1.1511800478051109	0.09114405312301646	-0.10043328566780735	0.9907602720690195	0.9874930156289934	0.1376421541285788	-0.07689071134279574	-0.12864799129510474	0.9853769799101324	0.11172243194149281
101														9.645929761663345	-0.7544870890629358	1.1286303619052314	0.0911440804344493	-0.10048700634338703	0.9907548224247529	0.9874955624993468	0.1376267977469228	-0.07688549008770795	-0.12862842083248194	0.9853736479620675	0.11177434077671963
102														9.668180701167525	-0.7490288492523777	1.1200836036080248	0.09114788923888906	-0.1004754655876181	0.9907556424781276	0.9874785186306156	0.13775413975396084	-0.07687634371984514	-0.12875650480803197	0.9853570306216921	0.11177336298967494
103														9.696406440763612	-0.7449452243006438	1.0568991135959482	0.09112750494214525	-0.10045215719597056	0.9907598810800206	0.9874830330551906	0.13772988452262738	-0.07686181325929281	-0.12873630906291333	0.9853627976659465	0.11174578159733053
104														9.660107505928469	-0.7515599645651182	1.0970771751271036	0.09114636505330218	-0.1005259274025253	0.9907506639197539	0.9874982912009699	0.13760755446783787	-0.07688488686696704	-0.1286058513938439	0.9853723655924415	0.11181160992500419
105														9.637833647700331	-0.7562694681074432	1.106338786607078	0.09112941970724894	-0.10061511025986108	0.9907431697726798	0.9874997754406387	0.13761317547215055	-0.0768557573715849	-0.1286064631677153	0.9853624782403012	0.1118980076123968
106														9.66009345923897	-0.750742327661692	1.0977604742802045	0.09114258541494108	-0.10057147862162308	0.9907463887452429	0.9874833313293195	0.13772790307042593	-0.07686153174750138	-0.1287233446995103	0.9853509031830656	0.11186553591561282
107														9.65794839314119	-0.7772440805274032	1.0757074141547498	0.09110810450296336	-0.10053202566669861	0.9907535642677381	0.9874909458356893	0.13768702345965161	-0.07683694074699177	-0.12868933594673831	0.9853606422960941	0.11181886883444991
108														9.66843263764007	-0.7243142087259249	1.0641188146268243	0.0910935524437543	-0.10060213930048167	0.9907477853981526	0.9875282829250418	0.13741491445415152	-0.07684420413197979	-0.12841283084760707	0.9853914708651202	0.11186507059837372
109														9.690710016974085	-0.7410498307255404	1.1107913968414238	0.09109725283244965	-0.10059798210197002	0.9907478672817785	0.9875246776477393	0.1374400525999631	-0.07684557878009657	-0.12843792883377325	0.9853883893868098	0.111863401068265
110														9.668521244057203	-0.7457291741973253	1.119345581878458	0.09107435890008203	-0.10060251739679016	0.9907495115539386	0.9875317207263541	0.1373999849329817	-0.0768267186573976	-0.12840000665960094	0.9853935141017751	0.1118617926549074
111														9.688554397294864	-0.7671581205969079	1.089122221769894	0.0910862810356364	-0.10062481062308015	0.9907461515919037	0.9875320115064509	0.13739238642625093	-0.076836569432294	-0.128389312861784	0.9853922973309513	0.1118847831642443
112														9.652240570471626	-0.75166582376224	1.0739126760471438	0.0911043196214541	-0.10066123599674698	0.9907407927979546	0.987534583175282	0.13736473185532977	-0.07685296009351761	-0.12835672938780568	0.985392432490691	0.11192097216761948
113														9.674490367402136	-0.7685117341483458	1.120785150590022	0.09110293906182032	-0.10066106779864897	0.9907409368366361	0.9875276578430674	0.13741869495535072	-0.07684547658616686	-0.12841097885027242	0.9853849256541352	0.11192483551165414
114														9.674545930505904	-0.7680402162221467	1.1206287456381785	0.0910738168772452	-0.10069400773143566	0.9907402670157257	0.987557520442539	0.13720925064773806	-0.07683596393662478	-0.12820180847708085	0.9854107460057799	0.11193729476603456
115														9.660543443881508	-0.7471520467241008	1.0962490323735958	0.09105931585433955	-0.10066049671907179	0.9907450052341468	0.9875550931989263	0.137233949128148	-0.07682305060040723	-0.1282308032143583	0.9854107304098949	0.11190421573845158
116														9.702829989132724	-0.7633554066454359	1.057279361225217	0.0910384145283474	-0.10080056622168398	0.9907326849001971	0.9876135553534244	0.13680725018348702	-0.07683255546577739	-0.12779464919288974	0.985455743372893	0.11200672074052317
117														9.662794355513073	-0.7191093784083484	1.1183223053828728	0.091015373265625	-0.10091108070127475	0.9907235515627053	0.9876104300068871	0.1368536876528937	-0.07679001704268856	-0.12783520786908098	0.9854379848410075	0.11211662526835095
118														9.69089796069917	-0.7369561277302391	1.1118747686399666	0.09099356153210622	-0.10100927707823926	0.9907155483305159	0.9876078688348965	0.13689406431553275	-0.07675097765220401	-0.12787051722385873	0.9854223161159417	0.11221403533246899
119														9.66860397921109	-0.7414887577430955	1.1214460049080976	0.09098907761192615	-0.10109953112722597	0.9907067540706416	0.9876060627129821	0.13691764964742006	-0.07673214520387117	-0.1278876563546792	0.9854097838061493	0.11230452052889986
120														9.6426017597193	-0.6953757594052771	1.1512404301253045	0.09096638046857297	-0.10110551564604353	0.9907082276484815	0.9875388314444075	0.13744855844307746	-0.07664822353672074	-0.12842185956394658	0.9853352568988225	0.11234882063586787
121														9.66256600106933	-0.7166504676750935	1.1218681467740739	0.0909845761439971	-0.1011886570263435	0.9906980683301557	0.9875402618906287	0.13743321216940763	-0.07665731105241541	-0.128397967463996	0.9853288628077448	0.11243217541749784
122														9.654380791779431	-0.7196300254219495	1.0996226844100105	0.09099599618458215	-0.10124135620569996	0.9906916354103357	0.9875360234605046	0.13746303193037432	-0.07665844519895965	-0.12842247095500275	0.9853192896955478	0.1124880718461829
123														9.666204992162227	-0.7667623658166367	1.1026505373446795	0.09104018487097096	-0.10130918609235062	0.9906806415550695	0.9875320924186209	0.13747220233323137	-0.07669263347252148	-0.12842138132709385	0.9853110384030799	0.11256156723804345
124														9.637978486024709	-0.7480784775740199	1.1106375165182838	0.09105143006251534	-0.1013713179196093	0.9906732523828492	0.9875273961567855	0.1375063616526857	-0.0766918662234789	-0.12844951896901002	0.98529988146162	0.11262710450130392
125														9.652077807924423	-0.7460140242313995	1.0793030373885006	0.09107111434198686	-0.10134890401800212	0.9906737362960921	0.987523485755985	0.1375229302128858	-0.07671250710289007	-0.12846562658103522	0.98529987481985	0.11260878947546898
126														9.676530881001854	-0.7360073184558689	1.1475351107760257	0.09108248757568008	-0.10140166338703471	0.9906672918388739	0.9875367532720831	0.1374184550815017	-0.07672893287311056	-0.12835552732102767	0.9853090230305191	0.11265428416525092
127														9.632095551110853	-0.7238240550784518	1.1093189605147329	0.09110628639147028	-0.10139249832783065	0.9906660415411424	0.9875348002415756	0.13741858545780097	-0.07675383171287564	-0.12835366333606052	0.9853099480131203	0.11264831758439767
128														9.629914823680055	-0.7504322093170374	1.0877953077740983	0.09109275948408088	-0.10146837673982573	0.9906595165299534	0.9875562110904461	0.1372680524477491	-0.0767477147144156	-0.1281984364423323	0.9853231197424466	0.11270985136515116
129														9.654359792196482	-0.7180332362663334	1.1008501978270413	0.09111955972922431	-0.10150060359675822	0.9906537504619091	0.9875431511324662	0.13735494037636947	-0.07676030879017676	-0.1282799691538457	0.9853076919539896	0.11275194761151858
130														9.634320322671444	-0.6960019232084248	1.131229356517136	0.09114036494280436	-0.10152585658813634	0.9906492488878886	0.9875305907946865	0.13744096173533965	-0.0767679248251667	-0.12836185618317458	0.9852930947090364	0.11278630854806776
131														9.662518388812463	-0.736560623745635	1.1791162030868378	0.09115104449737899	-0.10148335717763413	0.9906526209035101	0.9875331170106867	0.1374119208644849	-0.07678741310586035	-0.1283348350768191	0.9853015235045004	0.11274341615152683
132														9.660393571480313	-0.741127598495374	1.101645884273347	0.09117282633098014	-0.10138271240902647	0.9906609214879777	0.9874875582641383	0.13774049416188364	-0.07678462438255335	-0.1286694913814096	0.9852660056515845	0.1126723572799497
133														9.676709023123248	-0.734521030307202	1.1469851031193485	0.09120660201147748	-0.1013764633137692	0.9906584519578439	0.987480535303884	0.13777373271206922	-0.07681530427289401	-0.12869944889343526	0.9852620013278572	0.11267315826740076
134														9.658260299685	-0.7679065443014607	1.0796061557969383	0.09122832222806254	-0.10134735584820292	0.9906594302211185	0.9874785799564685	0.13777354917800594	-0.0768407657044905	-0.12869905730272319	0.9852650215091743	0.11264719277424118
135														9.644208268090454	-0.769782226825366	1.1106901077794247	0.09127810626773322	-0.10132285340553498	0.9906573507999306	0.9874712264311121	0.1377983695287922	-0.07689074278378194	-0.12872017824261928	0.985264070558227	0.11263137653523286
136														9.646468885318182	-0.7651050544821605	1.1871795118265538	0.09130140760148958	-0.10129047702569954	0.9906585144407194	0.9874773924050442	0.1377347979044237	-0.076925450503471	-0.1286563347018757	0.985276288515122	0.1125974370531814
137														9.654747356972946	-0.7172534841608045	1.0979557805451032	0.09130576216590477	-0.10118710209538273	0.9906686772906679	0.9874787839661179	0.13771352224709177	-0.07694567568808908	-0.1286425629879166	0.9852898843283828	0.11249415463952595
138														9.666752598129028	-0.7644086653560332	1.0994795689834507	0.09132666434518436	-0.10115837398268751	0.9906696844825532	0.9874900268150173	0.13761270299386938	-0.07698175703111759	-0.12854138368812962	0.9853069203795843	0.11246059457268234
139														9.69721605908729	-0.7558839147646865	1.112967725788433	0.0913463716791797	-0.10113605467349368	0.990670146328297	0.9874861187743165	0.13762918338003446	-0.07700242275527114	-0.1285574020003742	0.9853069097125143	0.11244237663660997
140														9.669084677942722	-0.7594907718831517	1.1756944145661927	0.09137091309441378	-0.10109332254751713	0.9906722446786307	0.9874673832441535	0.13775477116587512	-0.07701811507678774	-0.12868381121662908	0.985293744604796	0.11241313790399196
141														9.660956799921486	-0.7627133072262332	1.1527481067139302	0.09139725404034763	-0.10108218827264592	0.9906709510063856	0.9874670835320395	0.13774051668200493	-0.07704744645282818	-0.1286674041652014	0.9852968797667974	0.11240443864546024
142														9.666921165244714	-0.7639646476349353	1.0983054519615159	0.09139895793485045	-0.10103411186513894	0.9906756980606951	0.9874443959870927	0.1379093801882307	-0.0770361453460855	-0.12884019296053772	0.9852781896985847	0.11237034120340991
143														9.661011200236256	-0.7402280591071312	1.0968239298425675	0.09144619745634697	-0.10101161628795585	0.9906736326084737	0.9874353613317547	0.13794861535510744	-0.07708168857280717	-0.12887590993820935	0.9852750036900879	0.11235731814659505
144														9.677392134273886	-0.7335791702895849	1.1418128755243981	0.09144601307236988	-0.1008908073123303	0.9906859601776107	0.9873995834503477	0.13821255927846313	-0.07706718536301627	-0.1291498714488254	0.9852503912496375	0.11225852861670818
145														9.683411905483636	-0.7346710704624165	1.0869284575237927	0.09144064083287398	-0.10086649496578243	0.9906889317022733	0.9874024153058127	0.13819225134530588	-0.07706732067720784	-0.1291320233416992	0.9852557291695563	0.11223220877379747
146														9.65084716592029	-0.7921482015698189	1.1067865867353979	0.09150253474153183	-0.10089601831954603	0.9906802105740969	0.9873932617978369	0.13822763575421865	-0.07712112077782474	-0.12915816928132562	0.985247742550604	0.11227222767379103
147														9.638940137714735	-0.7447968574634174	1.1044804394401966	0.09150350547100825	-0.1009325590309949	0.9906763987367276	0.9873972210419522	0.13819969816881458	-0.0771204986023743	-0.12912721001070004	0.985247919030283	0.11230628513733895
148														9.655286599928894	-0.7379394879228618	1.1499339730445388	0.09150521559296937	-0.10088204435600506	0.9906813860398496	0.9873790389807435	0.13833340605117225	-0.07711356658685348	-0.12926495619752393	0.9852343284198104	0.11226704415106722
149														9.661279200559221	-0.7613176270924819	1.1509673136339735	0.09151552523425222	-0.10088908337074648	0.9906797169104196	0.9873790266022602	0.13832793132909818	-0.07712354530352716	-0.12925775205793982	0.9852343763139929	0.11227491822355187
150														9.65094599283919	-0.7911422687298646	1.1066443442830716	0.09150545385117462	-0.1009350730210345	0.9906759626385053	0.9873926383393077	0.1382336983934254	-0.07711823637646575	-0.12916086740507554	0.9852428917087979	0.11231168536022676
151														9.653215363477933	-0.7639245256272122	1.1278539969256498	0.09152193309955212	-0.10088222887892123	0.9906798229792217	0.9873881087970378	0.13825434691689106	-0.0771392128867886	-0.12918381619974867	0.9852454067160147	0.11226321827323796
152														9.631083933927336	-0.74644200729775	1.0801635752245475	0.09148579303319451	-0.10075793069516586	0.990695810567056	0.9873657413158943	0.13843656990205447	-0.07709869641873784	-0.12938022472079186	0.9852325388027854	0.11214990831657265
153														9.66975767218891	-0.7344452850828285	1.1161210851996077	0.09150733039411943	-0.10070105938029422	0.9906996038778997	0.9873645454844202	0.13842848339582917	-0.07712852458769365	-0.1293741195312466	0.9852394894767549	0.11209587669088286
154														9.661699976204577	-0.7598050869850494	1.1484319223316282	0.09151229837435393	-0.100771729524196	0.9906919590745378	0.9874089828512332	0.13809217057350073	-0.07716251039845778	-0.12903100337103535	0.9852794583035828	0.11214004286633036
155														9.653600364297843	-0.7626403965115512	1.1254251692962014	0.09147842206539741	-0.10076478593266397	0.9906957939813661	0.9874155340385524	0.13806174595174064	-0.07713311509408588	-0.1290048891933382	0.9852844321416538	0.11212638558124088
156														9.645531394348625	-0.7654064000106366	1.102192140121271	0.09145474996248279	-0.10065418968839979	0.9907092221269929	0.9873957721012473	0.13821803569964472	-0.07710618551007103	-0.1291728220094363	0.9852738242262926	0.11202621723781944
