// Start Time: 1748342924.2155054
// Update Rate: 100Hz 
// Filter Profile: 46.1 human
// Option Flags: AHS Disabled ICC Disabled 
// Firmware Version: 4.0.2 
PacketCounter	SampleTimeFine	Year	Month	Day	Second	UTC_Nano	UTC_Year	UTC_Month	UTC_Day	UTC_Hour	UTC_Minute	UTC_Second	UTC_Valid	Acc_X	Acc_Y	Acc_Z	Mat[1][1]	Mat[2][1]	Mat[3][1]	Mat[1][2]	Mat[2][2]	Mat[3][2]	Mat[1][3]	Mat[2][3]	Mat[3][3]
0														9.482546189304237	-1.9333357051645026	1.3100866301002059	0.16590922940836367	-0.15379586910532672	0.9740744110401729	0.9758014945886511	-0.11705833952833566	-0.18468564726427256	0.14242742276569276	0.9811443195539613	0.13065318002756965
1														9.525127775514285	-1.9080876570826943	1.3129976774593999	0.1659247379374139	-0.15398613319684756	0.9740417096426023	0.9758416145590467	-0.1167253257098809	-0.18468443798196854	0.14213417827951835	0.9811541515587676	0.13089845775944484
2														9.481796406838454	-1.8266570506059148	1.2717190169471757	0.1659273874543416	-0.15407672468610628	0.974026932380506	0.9758806467034429	-0.11643497930174457	-0.1846614713053933	0.14186284038551839	0.9811744281752375	0.1310407418047868
3														9.419264850915114	-1.8687539937118536	1.3386059639021868	0.16603158688602232	-0.15407024992846446	0.9740102002767168	0.9758951446805366	-0.11619908648592142	-0.18473342656052288	0.14164102070044526	0.9812034092821009	0.1310636901209416
4														9.445364743607229	-1.9139893743105714	1.3505456469394825	0.16605451854544456	-0.1539107955907708	0.9740315004512213	0.9759426777422371	-0.11586945700736517	-0.18468935728441788	0.141286186982145	0.981267413059985	0.13096746708481488
5														9.450000540699426	-1.870495814174008	1.354114522913879	0.16595963643643036	-0.15367173569868298	0.9740854155161354	0.9760339730770582	-0.11540461269032323	-0.1844978557306533	0.14076605582774682	0.9813596552829909	0.13083632717846008
6														9.47165947063483	-1.8569240683785537	1.3541811625434552	0.16602155614764597	-0.15348124030205934	0.9741048977238828	0.9760911954134355	-0.11495918069097125	-0.1844732094674772	0.14029547794096986	0.9814417433807279	0.13072598524820037
7														9.459617256687297	-1.78804173636911	1.3955207796245492	0.16608557038858046	-0.15334305626017009	0.9741157479506684	0.9761263364213102	-0.11465432561426916	-0.18447699304424953	0.1399748500746147	0.9814990029107147	0.13063976665572288
8														9.502179763080887	-1.7641238134039492	1.3964847319548996	0.16624225764353412	-0.15324149173451723	0.9741050030589928	0.9760859834050781	-0.11474834020596436	-0.18463198915712697	0.14007021372769457	0.9815038785613411	0.13050084902145953
9														9.515073894563816	-1.836257356564909	1.3878976243270436	0.16625217626768019	-0.15323453206965953	0.9741044051166453	0.976052066474183	-0.11497396574867663	-0.1846709255175269	0.14029460936806537	0.9814785608363614	0.13045020966195237
10														9.518084903533003	-1.884079884854417	1.2953462205213147	0.16630533445062334	-0.15318040474172756	0.9741038442262855	0.9760154610795035	-0.11516967079772758	-0.18474243330136075	0.14048613976841612	0.9814640648192394	0.1303531127417579
11														9.564885876041565	-1.817395578341061	1.3014831179679454	0.16628038917082993	-0.1531751381884477	0.9741089308789588	0.9760104836749892	-0.11523847688173153	-0.18472582169933116	0.14055023277715267	0.9814568103013649	0.13033864192694203
12														9.53563183787675	-1.8147685095590043	1.3200057297941914	0.16621113316072827	-0.15316786485146222	0.9741218940103287	0.9760343388666497	-0.11516494286869974	-0.18464562081779906	0.1404664677656841	0.9814665766651927	0.1303554000513162
13														9.548273668430314	-1.8808345805381763	1.2783987006343815	0.16619648572770307	-0.15319168168302888	0.9741206479666097	0.976050001818774	-0.11507035711361469	-0.18462179411791335	0.1403749339495245	0.9814739535906551	0.13039845222162683
14														9.540447777701713	-1.8653425558705095	1.2976028275958569	0.16606170909948303	-0.15315205087097	0.9741498642842259	0.9760871929523012	-0.11499632396877171	-0.18447123685866917	0.1402758016389734	0.9814888154165009	0.13039326933112108
15														9.515408159066677	-1.917321735177814	1.2926907908133274	0.16594421840193957	-0.15312143662061578	0.9741746978987949	0.9761265251832392	-0.1148824703103134	-0.18433400350747947	0.14014108324351165	0.9815069249183315	0.1304018141158183
16														9.444285939725873	-1.9431878151810529	1.3426308873612494	0.1660676334763796	-0.15295060738639682	0.9741805031982972	0.9761126318517126	-0.11484849815737	-0.18442871905026004	0.14009165232474785	0.9815375357932723	0.13022440162194307
17														9.519994240873801	-1.8747591461662636	1.2948386424987783	0.1661967862806627	-0.15275222819656814	0.9741896042408597	0.9760620164350406	-0.1150691979140411	-0.1845589872213787	0.14029101290796053	0.9815425800607951	0.12997151697528073
18														9.44433404139614	-1.8426874155520039	1.331893301441293	0.16626861371459817	-0.15248951573113012	0.9742185051031985	0.9760178219606654	-0.1153327925680282	-0.18462816191908155	0.14051319976637122	0.9815524919995595	0.12965626147961484
19														9.462406838560081	-1.972075756087334	1.3331516458410786	0.16620427952965156	-0.15235561267393544	0.9742504322569119	0.9760064023461685	-0.11552299867099602	-0.18456960572464381	0.1406685467519973	0.9815509177138042	0.12949963663991615
20														9.495874030638282	-1.9261232182639971	1.2842018369503483	0.16612906178978487	-0.152294791873345	0.97427277042782	0.9760082506665779	-0.1156210096776216	-0.1844984464755544	0.14074455392522828	0.9815488161519943	0.12943296354100312
21														9.471404499386004	-1.982184605470869	1.3133591757476568	0.16607440211212232	-0.15234977484366707	0.9742734929516378	0.97602253815535	-0.11558313202494139	-0.1844465901124046	0.14070997823853693	0.9815447446226733	0.12950141438502336
22														9.492175562515747	-2.0620837693658856	1.253217020752374	0.16605406844878162	-0.15240363343819752	0.9742685352952969	0.9760476775002458	-0.11542434335217305	-0.18441299359886731	0.14055951621282553	0.9815550689984517	0.12958653064829412
23														9.46156422671457	-1.956088256473926	1.231378788060468	0.1661036225015558	-0.15252304884241807	0.9742414003539752	0.9760836956675367	-0.1150843584116002	-0.18443483808921435	0.14025051031588082	0.9815764412519304	0.12975933236315346
24														9.453782928575041	-1.9460349696812347	1.286246154736659	0.1661862123453821	-0.15261666156049947	0.9742126551428203	0.9761189010639081	-0.1147103573332594	-0.18448150288379694	0.13990723287980505	0.9816056685526036	0.1299087281644774
25														9.403001695569822	-1.8599863044293905	1.3317792022522132	0.1663911979539257	-0.1525962710780106	0.9741808596439081	0.9761230192742623	-0.11441255698158365	-0.18464457221330344	0.1396345963089214	0.9816435936010697	0.1299154904375241
26														9.51258974387972	-1.8512620990567925	1.278700516000721	0.16653871539457488	-0.15251138732562725	0.9741689447989694	0.9761228074939441	-0.11423339059991353	-0.18475658895473424	0.13946010528056346	0.9816776503557878	0.12984556144541123
27														9.5002332014099	-1.8800361022765906	1.2930755224816706	0.16683592293680805	-0.15255587265115844	0.9741111233003488	0.9761051247027399	-0.11395211512960665	-0.18502351468539846	0.1392284466151672	0.9817034283209634	0.1298992628000449
28														9.533878897251983	-1.9359192708935984	1.2518047118942655	0.1669619708211097	-0.15243996743519495	0.9741076719890304	0.9761321780956805	-0.11361408519008795	-0.18508865587226797	0.13888726070347246	0.9817606103194285	0.12983232586497692
29														9.499807776237308	-1.876002128973018	1.2582616735197307	0.1671330631209073	-0.15226560623477525	0.9741056022679365	0.976143588516675	-0.11333637124965593	-0.18519870828315327	0.13860098776564012	0.9818197655934193	0.1296908403877172
30														9.466946000916929	-1.8232903305158632	1.3329828988932468	0.1673100773665548	-0.1520697323090866	0.9741058127980965	0.9761675054666584	-0.11296515542848876	-0.18529941966994573	0.13821844769276914	0.9818929015806459	0.1295453223506782
31														9.441200489081632	-1.7770173333580064	1.319323628946554	0.16763598589099044	-0.15182974122586945	0.9740872167899757	0.9761337333688332	-0.11280989427083268	-0.18557171749495427	0.13806198178274592	0.981947889367806	0.1292951342948823
32														9.505590487610597	-1.7447535150599058	1.3547288051008235	0.16780553390778447	-0.15168514761933927	0.9740805504585455	0.9761213117201049	-0.11269591906400325	-0.18570625900098792	0.13794378418669612	0.981983322576315	0.12915210639488364
33														9.480901892231596	-1.8026406705174138	1.3830129825956547	0.16804496380356287	-0.15167357438753204	0.9740410756086052	0.976096307006686	-0.11255092087128019	-0.18592549491378485	0.13782920440954538	0.9820017398373265	0.129134400406302
34														9.489186172290841	-1.8159645636280366	1.363579564967403	0.16812927218516405	-0.15162071706611568	0.9740347560486969	0.9760860584627096	-0.11251934543538344	-0.1859983961692288	0.13779896338223863	0.9820135208127994	0.1290770724475525
35														9.470977153382572	-1.7785496495270108	1.2983900881456216	0.16815927262780922	-0.1516716019988772	0.9740216548806193	0.9760845621089022	-0.11247945906031306	-0.18603037091338587	0.13777295323088162	0.982010232348214	0.129129845200278
36														9.471668950471953	-1.781149066213084	1.3333792215969715	0.16816958050457503	-0.1517091413709865	0.9740140289633373	0.9760885808538082	-0.11242960525363205	-0.1860394210626088	0.13773189361841165	0.982010142659937	0.12917432095155773
37														9.449896284941843	-1.789043714879749	1.2987064848823746	0.16832051619170924	-0.15176828464336306	0.9739787428919418	0.9760891208849685	-0.11220868539645495	-0.18616991972821062	0.13754356371333976	0.9820262718980638	0.12925234768863553
38														9.391737341222465	-1.7897603703313774	1.3689020113519688	0.1683849998715095	-0.1516582285043993	0.9739847398933816	0.9760988304483127	-0.11207230341648702	-0.18620116005105392	0.13739565137116633	0.9820588477957058	0.1291621246746222
39														9.485761316329114	-1.7570954828702534	1.3869673060461574	0.16831329808485762	-0.15153473815338958	0.9740163534667072	0.9761220795272258	-0.11202765896709388	-0.18610612425655632	0.13731831468250005	0.9820830040068591	0.12906065896942298
40														9.489702541880506	-1.7103110692449255	1.3556042132989328	0.16827005808858514	-0.15139248089203905	0.9740459456720806	0.9761074164826156	-0.11221869256993072	-0.1860679352428275	0.1374754488572335	0.9820831338370745	0.12889227748105464
41														9.515310369083364	-1.8489222920199513	1.3058383940834912	0.16834468760621119	-0.15141333233926746	0.9740298090637095	0.9760385024741403	-0.11260455835438613	-0.18619628118158543	0.13787279587650902	0.9820357509926678	0.1288288629518334
42														9.545560117237056	-1.8518994065309766	1.3231066674461263	0.16821917555843852	-0.15150780946010645	0.9740368025116087	0.976051002286009	-0.11266829780201126	-0.1860921696549156	0.13793748551759155	0.9820138687121465	0.12892638110986765
43														9.477300477338698	-1.8276884357173604	1.3111082930056643	0.1681203753701021	-0.1516174419488454	0.9740368015030564	0.9760523438749702	-0.11277211126342099	-0.1860222377495968	0.13804840238696314	0.9819850315651859	0.12902726990961252
44														9.490346840583175	-1.8008143441850675	1.3324002431621298	0.16805885368562584	-0.15165584871803534	0.9740414391839216	0.9760619348979331	-0.11278011802961274	-0.18596705143796083	0.13805549949631102	0.9819781812885857	0.1290718037837275
45														9.472931407357743	-1.765933718485242	1.3013503671687867	0.16793620695056355	-0.15155093572245004	0.9740789209692956	0.9760511823496536	-0.11304293233264573	-0.18586388805650234	0.13828058370176433	0.981964158883249	0.12893746871958
46														9.431660312546422	-1.7920009846579272	1.3324404276878146	0.16784795670848807	-0.1513460338301605	0.9741259885008029	0.9760159033961002	-0.11345162275125364	-0.18580012274754465	0.13863628582258292	0.9819486276475914	0.12867351287010065
47														9.483133661505628	-1.87584742617427	1.2856781832736854	0.1676624864938157	-0.15119096902849538	0.9741820063555553	0.9759968109741901	-0.11386636568112601	-0.18564664213171894	0.13899466029643565	0.981924509140492	0.12847078562179742
48														9.504498276267975	-1.8574832847592773	1.2502893723905903	0.16742648598023546	-0.15105214487377316	0.9742441281944391	0.9759930966309307	-0.11423618693588322	-0.18543885494447132	0.13930487113190548	0.9819029193985435	0.12829968727764163
49														9.523793380358374	-1.9882184290639897	1.287287555611004	0.16732143556448648	-0.1508905844000159	0.9742872106006839	0.9759719594689107	-0.11455653485626505	-0.185352460604494	0.1395789079017835	0.9818904378092024	0.12809721545684916
50														9.541400470325776	-2.015429012377962	1.284516636172291	0.16722152996065898	-0.1509777665474818	0.9742908569446556	0.9760187622769565	-0.11434422761848495	-0.18523707321616478	0.1393712151090573	0.9819017830815193	0.12823631615247955
51														9.481151552286477	-1.9076758850289064	1.281039780939041	0.1671223682245347	-0.15108096860543357	0.9742918736006513	0.9760938705082711	-0.11392764668236213	-0.1850979396903213	0.1389635563563555	0.9819343319421433	0.12842934928641184
52														9.480535848763846	-1.902976645790368	1.2484341688257643	0.16716014419116348	-0.15114851584772354	0.9742749162074433	0.9761263696017932	-0.11363417715319299	-0.18510695381519582	0.13868956976648872	0.9819579420421977	0.1285449466071654
53														9.416827305156858	-1.8415326464988784	1.273920747679888	0.1672384473377141	-0.15117689580295912	0.9742570748562481	0.9761279557501703	-0.11351215466574133	-0.18517344503501454	0.1385839663708085	0.9819676862904009	0.1285843977565418
54														9.446656753359727	-1.8414183901590966	1.254751049706451	0.16721234028061105	-0.15091486173931895	0.9743021799031777	0.9761141312975188	-0.11369500311598055	-0.18513413771573256	0.13871278217659616	0.9819868383907495	0.128298921617326
55														9.406956703924616	-1.8745004509504368	1.3529270154922333	0.167130402881844	-0.15056533271148875	0.9743703141095947	0.9761105911425646	-0.11389658781580944	-0.18502886570270055	0.13883638677185778	0.9820171321669462	0.12793283331006464
56														9.553092600841888	-1.9298856376331068	1.3575355659701918	0.1670493149746683	-0.15010974317542858	0.9744545096464486	0.9760958524353303	-0.11419605178248673	-0.18492200684568988	0.13903745259835498	0.9820520998201157	0.1274451255005923
57														9.614141512270304	-1.9366328389683187	1.3872988393984076	0.1668484657429125	-0.14998036957989275	0.9745088394775672	0.9761179685622641	-0.1143334043023243	-0.184720286136959	0.13912332992390225	0.9820558850703558	0.12732218058753564
58														9.634398400881723	-1.9155257012454232	1.3193042713034715	0.16679074835180913	-0.1500687679543875	0.9745051108890583	0.9761032114845487	-0.114497924909505	-0.1846963608763525	0.13929596833287738	0.9820232125953385	0.1273854117634216
59														9.575094084715017	-2.0058533295885392	1.296060165749047	0.16683517359175187	-0.15047506508132613	0.9744348514094623	0.9760708236667225	-0.11458973343658621	-0.1848105521270308	0.1394696097333606	0.9819503285704948	0.12775672264550822
60														9.48443332390182	-1.9916422323717793	1.251210739693874	0.16685639892659448	-0.15086720341947668	0.9743705809750394	0.9760829967655702	-0.11440125128669265	-0.18486302261183346	0.139358980917605	0.981912134886022	0.1281703312049296
61														9.4119343838086	-1.9175194647744431	1.2983311714186188	0.1669411500464334	-0.15104249348393822	0.974328906264886	0.9760966877243904	-0.11415805133638668	-0.18494105960698148	0.13916144809051245	0.9819134913408786	0.1283744012181487
62														9.449937765692471	-1.837455543550842	1.3241888523596503	0.16699447915632132	-0.1509184711047818	0.9743389856773179	0.9761177979151499	-0.11396104216211855	-0.18495114344767766	0.1389492300251733	0.981955444991635	0.12828334079954606
63														9.46323593440435	-1.8111375856692178	1.3423254359690449	0.16705209588561792	-0.1506232672258634	0.974374788585187	0.9761011220481981	-0.11405762797562471	-0.18497961248965317	0.1389971107486429	0.9819895563959831	0.12796997434066074
64														9.535984361876306	-1.8836163988526646	1.2959745071931752	0.1670677037520753	-0.1503314220729629	0.9744171826792305	0.976072475856835	-0.11429436221215541	-0.18498464974484896	0.1391793958807001	0.9820067526774124	0.12763946669524298
65														9.579831818186664	-1.9587384642977725	1.302511797487611	0.16711131754415398	-0.15019357283170176	0.9744309612428712	0.9760537439583353	-0.11439425560408178	-0.18502173707352604	0.13925838019154863	0.9820162142066886	0.1274804243073806
66														9.516127775782213	-1.8975449149953147	1.3271812993398606	0.16714052826324494	-0.1503027705510066	0.9744091137589873	0.9760385682443932	-0.11444139778944717	-0.18507263377234562	0.13932967060651025	0.9819940140533898	0.12757350529005762
67														9.536454305998996	-1.8817243905871737	1.2952646454753314	0.1672262395504901	-0.15054063243649357	0.9743576872952886	0.9760044072920695	-0.11452212375195178	-0.18520280807212292	0.13946605949928848	0.9819481662272016	0.12777721663417838
68														9.468330036897777	-1.8632229141833672	1.3179298528962016	0.16725709855787846	-0.15078922701656333	0.9743139494011914	0.9759736462825417	-0.11465001619430895	-0.1852857672585907	0.13964420769928143	0.981895097656767	0.12799028265320747
69														9.535273699028616	-1.877770141861615	1.265639844967893	0.16730512552525606	-0.15106559310264445	0.9742628913971448	0.9759458649489045	-0.11472847994974533	-0.18538350675708953	0.13978077000114608	0.9818434511005141	0.1282371781852656
70														9.470511564879201	-1.8131913424359973	1.2587761741277057	0.16731751510404846	-0.1513179479454313	0.974221600955856	0.9759417952685975	-0.1146924785457426	-0.18542720300145388	0.13979435391786937	0.9818087970652021	0.1284874492628263
71														9.43178113779395	-1.8884155098368673	1.201872877429843	0.16752803088756663	-0.15157299740768748	0.9741457721120506	0.9759023801700862	-0.11463912065205564	-0.18566748879242018	0.13981739249926867	0.9817756864340104	0.12871518279415553
72														9.410657139168492	-1.8997778250934099	1.2020131303084332	0.1675361245936507	-0.15153716856435884	0.9741499543189636	0.9759180950829757	-0.11452471696416283	-0.18565548980273955	0.1396979550521678	0.9817945690152172	0.1287008376292363
73														9.41870851985228	-1.8153847887826404	1.2098413015221707	0.16777318975788824	-0.15140364958604124	0.974129915201505	0.9758814929701577	-0.11448969726191521	-0.18586936514447866	0.13966913931430996	0.9818192522623004	0.12854371789511004
74														9.428003955304556	-1.831643105983919	1.222974450631754	0.16787247474722877	-0.15103208260535722	0.9741704893118708	0.9758813912488788	-0.11442807381908818	-0.18590784312719533	0.13955050138352637	0.9818836621239514	0.12818007496356268
75														9.447046478436384	-1.8676355615953362	1.2851421499137698	0.1679665764934617	-0.15061069890132772	0.9742195063524031	0.9758849064163811	-0.11435732031904053	-0.18593292532023287	0.13941261998024795	0.9819566287091819	0.12777050021167255
76														9.529617373355425	-1.8665182758109413	1.3505307297332272	0.16796008056778333	-0.15032108304081299	0.9742653557060831	0.9759318095919325	-0.11409056436285808	-0.18585060169388862	0.13909174800209978	0.9820320336510422	0.12754046620943033
77														9.605859697642705	-1.7062898870174237	1.3992484979263478	0.16790925553954916	-0.15023710300080673	0.9742870700086704	0.9759594887132705	-0.11397953249339862	-0.18577336343813744	0.13895883669161313	0.9820577778595879	0.12748710778271785
78														9.59632154358424	-1.6851052175081853	1.3504359072284877	0.16786728128749512	-0.15042547439716009	0.9742652372560227	0.9759277185641906	-0.11422442160586102	-0.18578985345518878	0.13923241006044174	0.9820004878619948	0.127629846930744
79														9.533188003460637	-1.8179017531226058	1.3227321024704972	0.16792304578510298	-0.15079461658212756	0.9741985599989886	0.9758332921612144	-0.11474364508650339	-0.1859658082069619	0.13982573655826086	0.9818833329485288	0.12788230477211507
80														9.41829955850234	-1.8615854364045883	1.3053247952720661	0.16783100686107993	-0.1511047165596685	0.9741663706828616	0.9757631136219508	-0.11529928581439891	-0.18599037820673853	0.14042471018589375	0.9817705634842144	0.12809161348463044
81														9.429728710729778	-1.9217221705031253	1.1966642062435355	0.16776133108533225	-0.1513414634840261	0.9741416207220546	0.9757384594073922	-0.11551920989708489	-0.18598325456352915	0.1406790482828441	0.9817082425931174	0.12829003000610287
82														9.325385127291646	-1.9883659344802338	1.2618978991515986	0.1676781023657163	-0.15132762895095186	0.9741580994392631	0.9757578169897408	-0.1154976224946293	-0.18589508272545924	0.1406440065216062	0.9817129152222521	0.1282926947077629
83														9.460997599070286	-1.9263624751106836	1.2481131066484772	0.16770444648107669	-0.15112432376264257	0.9741851248082987	0.9757819224630986	-0.11533291972882959	-0.185870808415533	0.14044521502954832	0.9817635949627121	0.12812253970787718
84														9.487718512326529	-1.8775638616323795	1.3209530784889467	0.16772755479531598	-0.15091752375220208	0.9742132047898382	0.9758283990714158	-0.1150162087336416	-0.18582305372115832	0.14009426443684764	0.98183255840955	0.12797821814221233
85														9.555923402733633	-1.894814869602687	1.2997276393092327	0.1678719646184288	-0.15085995473209318	0.9741972477652465	0.9758507961725715	-0.11467670967992152	-0.1859152383919792	0.1397648994007739	0.9818811161822082	0.1279658023859255
86														9.597716195484457	-1.8661047416904935	1.2672583820623025	0.1679503418414256	-0.150834874011601	0.9741876223075576	0.9758915838537678	-0.1142893241381159	-0.1859396863271448	0.1393854340981604	0.9819301355849901	0.12800355304174274
87														9.563851330545559	-1.8091061617713795	1.3093904444003586	0.1678973167032276	-0.1508409439100193	0.9741958225552969	0.975953961947317	-0.11391950659190436	-0.18583920516724312	0.13901206855230847	0.9819721766212077	0.12808703735591992
88														9.526175078793843	-1.793340801351402	1.3477423858263884	0.1678086531620151	-0.15091816233693806	0.9741991399096969	0.9760012379347753	-0.11369009243761763	-0.18573138246218135	0.1387870291984724	0.9819868996877548	0.12821813197787124
89														9.488038034343374	-1.773758577596105	1.351007663667238	0.16776344038046542	-0.15089377601314502	0.9742107043305392	0.9759833863865768	-0.11388191203633186	-0.18570767245415581	0.1389671096666431	0.9819684203025294	0.12816459713764622
90														9.506360200553303	-1.8047186538175208	1.3820302931057762	0.16757321626868432	-0.15089734027972102	0.974242890600632	0.9759727592194353	-0.11421208150223505	-0.1855607008515786	0.13927092464319668	0.9819295255441874	0.12813280771760271
91														9.524643867283434	-1.9295697220649224	1.3517284989229656	0.16742255051468724	-0.1509364671116839	0.9742627327754052	0.9759323026343238	-0.11469132349452693	-0.18547787196843818	0.13973485697571503	0.9818676505573027	0.12810185999843682
92														9.5113319684556	-1.9503356171621489	1.2986473296785994	0.1673549378523539	-0.15111556360672324	0.9742465864514263	0.9758889875163057	-0.11505148111605185	-0.18548272355505746	0.14011783905282682	0.9817979645165417	0.12821758089412288
93														9.463869925964278	-1.915628594220308	1.287137860647588	0.1674388189148835	-0.15131689719574876	0.9742009230869366	0.9758176268766348	-0.11540064106130876	-0.18564118917818628	0.14051405978492343	0.9817259743256718	0.12833514848656535
94														9.49394127918745	-2.0128634565616137	1.2437299889450992	0.16742951145212143	-0.15153170752397094	0.9741691333181184	0.9757997502946935	-0.11549692463222244	-0.18567527494341574	0.14064923042703875	0.9816815176091321	0.1285270086982238
95														9.425343293866971	-1.9901851129173407	1.2318591912048609	0.1674239565680215	-0.151753388474679	0.9741355798109227	0.9758409989575717	-0.11517388233769765	-0.18565915431443408	0.1403693824186668	0.9816852275111994	0.1288043111300501
96														9.442733455816317	-2.0183800809500156	1.2303800563085416	0.1673694744617642	-0.15180426033645172	0.9741370158053209	0.9759128134803294	-0.11473387070945504	-0.18555408752418745	0.1399344114337166	0.9817288859230582	0.1289447751596415
97														9.447315969364478	-1.9781269153939274	1.2703436441821683	0.16735569273345385	-0.1517938172131258	0.9741410109247911	0.9759901023521552	-0.11421104333316195	-0.1854700991841547	0.13941087554540144	0.9817914618882253	0.12903539492343113
98														9.476208574812281	-1.8806702293136823	1.28030764911645	0.16741142728430386	-0.15171647791188797	0.9741434824216831	0.9760407606567156	-0.11379361391158721	-0.18546009535638847	0.13898865979385622	0.9818518848395374	0.129031115184499
99														9.506394832778582	-1.8842469544749127	1.296970624348855	0.1674921114778229	-0.15170958356538555	0.9741306867392683	0.9760553511082842	-0.11358317178974897	-0.18551230325524265	0.13878884741068082	0.9818773168479851	0.12905266558199058
100														9.496863673083759	-1.8640278666358656	1.2473109908986217	0.16762053991591924	-0.15170059836073402	0.9741099953574499	0.976042734441378	-0.11350103560122232	-0.18562891871054998	0.13872251130401886	0.981888203093634	0.12904116197191123
101														9.446202667755948	-1.8756473996122316	1.264435911131101	0.16775329386928906	-0.15174876115631453	0.9740796404214225	0.9760341559033948	-0.11337340790800216	-0.18575197681121264	0.13862236077181594	0.9818955055742182	0.12909321139083546
102														9.443004568420708	-1.9211347245951196	1.294391361097469	0.16786041527095957	-0.15167310213046697	0.9740729700978166	0.9760304340641603	-0.11326943030916267	-0.18583494810708956	0.1385188534661903	0.981919195375851	0.12902411009905632
103														9.498077661611342	-1.870999375687415	1.3155986378217022	0.16798071503346784	-0.15159959089797798	0.9740636752371018	0.9760366803507026	-0.11307630408309643	-0.18591973554436692	0.13832887618579537	0.9819528061442018	0.12897212302936667
104														9.530871977914897	-1.825819911196419	1.2676626995517817	0.16803017718978108	-0.15158245047108582	0.97405781156087	0.9760619618578164	-0.11283287320432192	-0.18593490618689096	0.1380902102534473	0.9819834537473828	0.12899453631266902
105														9.51037998853285	-1.840932222675134	1.3016871459092274	0.1681041510377408	-0.15162956706460873	0.9740377142573484	0.9760820830885933	-0.112580156420344	-0.18598246007030678	0.13785775813247808	0.982005184697194	0.12907771205950688
106														9.497617316595527	-1.865839215774868	1.2828009587615428	0.1681667269167173	-0.1516755224269984	0.9740197574251841	0.9760963922922317	-0.11238420769260948	-0.18602586598479676	0.13768000912335587	0.9820205322485883	0.12915064587523795
107														9.434037527234048	-1.8085288130567139	1.3424493886467346	0.16827251312727753	-0.15173681704991493	0.9739919402527886	0.9760858376116412	-0.11230361765442126	-0.1861298876476079	0.13762557516614327	0.9820202827911912	0.12921054619069622
108														9.498242381496585	-1.8679967843359406	1.3186726344520927	0.16827464600806125	-0.15175853833387098	0.9739881875842387	0.9761055144599532	-0.11215608037922375	-0.18611565832793436	0.13748333772400573	0.9820337874415204	0.12925932141060814
109														9.544376885399936	-1.8001767057508882	1.3255392258752738	0.16830936170901106	-0.151801046773974	0.9739755648677393	0.9761131653283127	-0.11204588347429031	-0.18614190411943438	0.13738648854180763	0.982039796645122	0.129316629137015
110														9.522780832156078	-1.8074125170937305	1.2918470923216456	0.16828852206014433	-0.15190879329126916	0.9739623667594162	0.9761514678887343	-0.11177975026960316	-0.1861010455863571	0.1371396553936261	0.9820534638961652	0.1294747425873551
111														9.458610847901484	-1.7461246639800907	1.3176381094853715	0.16836947541626357	-0.1519694340241164	0.9739389153691527	0.9761712340687101	-0.11151560698469334	-0.1861558249843574	0.1368993846765702	0.9820741115217451	0.12957236570330613
112														9.501758989748437	-1.8178706032572498	1.2928533792297647	0.16841123354517107	-0.15192449459531587	0.9739387066739632	0.9761820277013603	-0.11138944222853975	-0.1861747591723319	0.13677099549485938	0.9820953823850171	0.12954672782194288
113														9.463431947909346	-1.799441450712632	1.2956960997338562	0.16838732888798696	-0.15194027150579031	0.9739403787525783	0.9762029505587555	-0.11126894474038068	-0.18613710338549488	0.13665104020953944	0.9821066010526094	0.12958826095963322
114														9.451382304294922	-1.8270676708565323	1.311310655244963	0.16838804091768073	-0.1519762245384828	0.9739346460881932	0.9762235147689406	-0.11111322000051946	-0.18612227581160773	0.13650317537728385	0.9821186687545171	0.1296526266443286
115														9.499503178807176	-1.8629149685401418	1.3599773154654884	0.16845720961487787	-0.1520487663357885	0.9739113620779527	0.9762194895181127	-0.11103317882824235	-0.18619114233574663	0.13644660792325997	0.9821164930165157	0.12972862957410689
116														9.5366028446596	-1.778182103987623	1.3517895846663561	0.16840244133073257	-0.15216808019326183	0.9739021989523109	0.9762568783729366	-0.11081646369338477	-0.18612420262830442	0.1362465602625571	0.982122490703064	0.12989337193187206
117														9.532934231786424	-1.8183288564070745	1.3496114168467646	0.16834267123075364	-0.15230346014614687	0.9738913702617995	0.9762657744302694	-0.11080879766888166	-0.18608210025481664	0.13625667953888038	0.9821023706247166	0.13003480647253998
118														9.527193914902169	-1.7548528546881088	1.305633197330332	0.1682489783175256	-0.15249508322240934	0.97387757489743	0.9762540720881999	-0.11098539256519874	-0.18603824705784738	0.1364561029280726	0.9820526932044631	0.13020076706204192
119														9.476045861742373	-1.7618006215704656	1.2897218433365278	0.16815624301187287	-0.15264761568847107	0.9738696952676764	0.9762163416895213	-0.11135470759612276	-0.1860155458947182	0.13683980471507534	0.9819871865359584	0.13029210768397748
120														9.469178108212141	-1.9385019315532404	1.2204607681836022	0.1681151641653585	-0.1526608238728842	0.9738747170104107	0.9761580678160493	-0.11182585958183713	-0.18603871577287717	0.13730520097684829	0.9819315912950537	0.1302214721214279
121														9.45735030851833	-1.966082607732491	1.2347592710666782	0.16798145471200515	-0.1525845271304901	0.9739097457943438	0.976148076303296	-0.11209427329139454	-0.18592957544363053	0.13753968155486285	0.9819128454071873	0.1301153335397024
122														9.420013041480397	-1.9499944753315768	1.2702620914789786	0.1678566296497016	-0.15231083066392398	0.9739741078412241	0.9761823237816192	-0.1120720229239191	-0.18576310832363474	0.13744898187677057	0.9819578771720333	0.12987110856858491
123														9.49832508174894	-1.9853839926731989	1.298280729349034	0.16776662581795854	-0.1521161197774889	0.9740200436158889	0.9762364832930384	-0.11184453344683526	-0.1856155409056614	0.13717393319905413	0.9820139950336251	0.12973752583119896
124														9.578485256748095	-1.9684229998850518	1.2289251788330473	0.1676184276604235	-0.152103514748831	0.9740475263095223	0.9763161770914688	-0.11147795406461639	-0.1854167956444805	0.13678737170567734	0.9820576289396765	0.12981536266264262
125														9.505903589476626	-1.8927880972472118	1.2743809611121886	0.16754523110134778	-0.15231202142115136	0.9740275374268423	0.9763794288427967	-0.11108369861789655	-0.18532032493491563	0.1364250947143168	0.9820699873389733	0.13010278052454757
126														9.426117442612792	-1.9056311493896012	1.3469999966412802	0.16761980489087908	-0.15254691064004333	0.9739779469076917	0.9764090629523726	-0.11072316626438647	-0.1853799402223949	0.13612105932886842	0.9820742438871756	0.13038879054818717
127														9.40368926981847	-1.9108824537153757	1.2798139595506925	0.1677925989523254	-0.1526586330871233	0.973930688232379	0.9763823614361997	-0.11065713033890595	-0.1855599196524645	0.13609969879869238	0.9820643264313851	0.13048574917505645
128														9.43322667341296	-1.9111669401480627	1.2626300902657912	0.16782495141741283	-0.15257302854575083	0.9739385281639291	0.9763968449227348	-0.11052437162506099	-0.18556283168192472	0.13595582704199172	0.9820925792598492	0.13042307639396153
129														9.458194681824253	-1.8560494354425334	1.2671095486104111	0.16795832221546708	-0.15249394242261943	0.9739279231662739	0.9763878772140682	-0.11042056472298825	-0.18567178599793005	0.1358554939189805	0.9821165391187863	0.13034718394106828
130														9.506524937638863	-1.8923067937951616	1.3138154092386738	0.16799735352583894	-0.15229993941646924	0.9739515479026943	0.9764027003200659	-0.11029650472334204	-0.18566757351109392	0.1357006117008983	0.9821605823385267	0.1301765512081514
131														9.518961815891762	-1.862611223959718	1.2978613603906617	0.1679689537354639	-0.1521292869640284	0.9739831161928989	0.9764430663453737	-0.11007580213040494	-0.1855862494135609	0.13544507657001809	0.9822117886857011	0.1300562701286551
132														9.53185025469032	-1.8366321165418242	1.3163963271662231	0.16806834978617302	-0.15198644294127134	0.9739882704438548	0.9764356962559246	-0.11001907927913618	-0.18565864717749664	0.1353748901287074	0.9822402574506048	0.12991426313538318
133														9.516323391558673	-1.906791948347532	1.3264475593507075	0.16807831429410747	-0.15193875575733873	0.9739939911328833	0.9764595105483803	-0.10984146888513543	-0.18563856273084406	0.13519062291323658	0.9822675125504599	0.12990007415033863
134														9.506413994210684	-1.7922421175298195	1.3374443363759831	0.1680745070989974	-0.1518790668447274	0.974003957444632	0.9764744335399096	-0.10974964865025677	-0.1856143724609125	0.135087529795841	0.9822870067732346	0.1298599076625952
135														9.459716052105087	-1.7607087065045264	1.3582046333497368	0.168129298387813	-0.15182578083613324	0.9740028086700373	0.976458184150536	-0.10980201800767397	-0.18566887581628067	0.13513679598488626	0.9822893917349113	0.12979059001329163
136														9.506352419873942	-1.786944563509252	1.3021674827157421	0.1681305352201976	-0.15173793749170228	0.9740162839769848	0.9764472503425017	-0.10989650336506321	-0.18567047650798102	0.13521423898812568	0.9822923988680239	0.12968713390681877
137														9.54514429630485	-1.803053999245088	1.2994328008971066	0.16818377098573	-0.15179413836693734	0.9739983361045637	0.9764311291769924	-0.10992915954859389	-0.18573591428445752	0.13526444156230816	0.9822800616109333	0.12972822133390277
138														9.47069576441904	-1.8709288120302294	1.3458003714292979	0.16821129208005015	-0.15172751380826	0.974003964453084	0.9764367405728355	-0.10986298043503348	-0.18574557111659173	0.13518969219677007	0.9822977588712579	0.12967212514741497
139														9.481869481277782	-1.7441643225970278	1.3569483540044172	0.1683091134953773	-0.1515722679670896	0.9740112370489948	0.9764324358885357	-0.1097882616530221	-0.1858123670480203	0.1350990024359205	0.9823300795488858	0.1295217138332365
140														9.491815614864263	-1.763322354336026	1.405210243905602	0.1683973365933239	-0.1513671279361295	0.9740278895435399	0.9764120053083534	-0.10985355625225016	-0.18588112348609803	0.13513671935486338	0.9823544109735047	0.12929763463769842
141														9.543905338890777	-1.8483929564318473	1.3597127997383152	0.1683967896616217	-0.15116692581376906	0.9740590750933309	0.9763981054550566	-0.10999352488564995	-0.18587136451591252	0.13523779388705237	0.9823695765969371	0.1290765434977199
142														9.462365058661877	-1.7576900801570525	1.38637693848579	0.16835405471037246	-0.15112557423715106	0.9740728787283159	0.9763977191120421	-0.11006343779391001	-0.18583200416986334	0.13529377803646003	0.9823681084361797	0.12902903995668422
143														9.49030561908753	-1.8991494534649784	1.372482933214719	0.16825677612557227	-0.15126271709477868	0.9740683999108757	0.9764419100037944	-0.10985099070226043	-0.18572548621520252	0.13509572042063572	0.98237078043824	0.12921608284262684
144														9.46405822647811	-1.7603113353556818	1.4565634776761698	0.16807812281580758	-0.15128713536492971	0.9740954508177251	0.976484833768974	-0.10978176274410531	-0.1855406531948608	0.13500782958737223	0.9823747590618713	0.129277680626768
145														9.45913251020194	-1.7894533411694615	1.3503517075503568	0.16787578741682013	-0.15130745477928614	0.9741271858065543	0.9765109634687139	-0.10986802694506231	-0.1853519756587545	0.13507056757335056	0.9823619856160017	0.1293092069111848
146														9.481907492792448	-1.8716309594351506	1.3248411683823644	0.16774796339434278	-0.1512670299304258	0.9741554837052848	0.9765282923620933	-0.10992650544847565	-0.18522596366670668	0.13510408947705516	0.9823616691707355	0.12927658701660544
147														9.512430526384383	-1.8737596918881374	1.3409263267370926	0.16770615112440235	-0.1512739044059469	0.9741616152984163	0.9765210890664543	-0.11003533418340566	-0.18519931922016375	0.13520802299976503	0.9823484265152189	0.1292685554942437
148														9.5346248755206	-1.9535701137244685	1.2800444345626385	0.16767335270714917	-0.1512099834843304	0.974177184954879	0.9765155168913975	-0.11013324279198325	-0.18517050008694463	0.13528892069297854	0.9823472958820576	0.1291924851178983
149														9.504223201288093	-1.9448533748876906	1.2292349038851766	0.16771464937231234	-0.1512796060482749	0.9741592668449043	0.9765340078786051	-0.10992860991516551	-0.1851945792367264	0.13510413702944513	0.9823594970864782	0.12929304173671075
150														9.471219740010651	-1.8940961751373804	1.3391423656243302	0.16764572858537008	-0.15126351560632262	0.9741736285352299	0.9765694890935643	-0.10976881908034028	-0.1851022402058985	0.13493310438367245	0.9823798426291753	0.12931706050348354
151														9.472762026521156	-1.8987965226602481	1.4079388277389147	0.1675242958250558	-0.1511606102445674	0.9742104907148199	0.9766038242117777	-0.10970627378725564	-0.18495811424927489	0.13483538424038138	0.9824026686660652	0.12924556377122967
152														9.490205170155653	-1.9230988200602914	1.3695743678557235	0.1674326202557772	-0.15100693659085251	0.974250082255953	0.9766073857332341	-0.10983623614976937	-0.18486215231828945	0.13492342941677354	0.9824117804311483	0.12908432075398849
153														9.552295321511247	-2.0263533153457525	1.3750405434869306	0.16742371969734815	-0.15105952518506255	0.9742434592716378	0.9766228266431718	-0.10972608771191622	-0.1848459903674895	0.13482267080207594	0.982416004310954	0.12915743072504465
154														9.508561736828762	-1.9485078328662355	1.36649131419213	0.16728947682201667	-0.15112556033207064	0.9742562783779911	0.9766681634137964	-0.10956863988095672	-0.18469978811184162	0.13466079428897598	0.9824234210201602	0.12926984301261918
155														9.533224012954946	-1.8919826611434978	1.373523451988441	0.16716447926834266	-0.15132624497774666	0.9742465829818847	0.9766869993592888	-0.10956602045306671	-0.18460171300566647	0.1346794050829307	0.9823928209952537	0.12948282937708253
156														9.48289718097189	-1.9924222223808608	1.2983574832083162	0.16708612564474068	-0.15166630362109412	0.9742071437650945	0.9766827541510348	-0.10964077470638534	-0.18457978834567096	0.1348073601884518	0.9823320379931102	0.12981041087417944
157														9.411096078597586	-2.0155418645572065	1.317622064380464	0.16706793341519233	-0.15188924464263948	0.9741755298642364	0.9766575375292397	-0.1098072370977066	-0.18461426019755428	0.13501244391425227	0.9822789970486272	0.12999850747391065
