// Start Time: 1748342924.2155054
// Update Rate: 100Hz 
// Filter Profile: 46.1 human
// Option Flags: AHS Disabled ICC Disabled 
// Firmware Version: 4.0.2 
PacketCounter	SampleTimeFine	Year	Month	Day	Second	UTC_Nano	UTC_Year	UTC_Month	UTC_Day	UTC_Hour	UTC_Minute	UTC_Second	UTC_Valid	Acc_X	Acc_Y	Acc_Z	Mat[1][1]	Mat[2][1]	Mat[3][1]	Mat[1][2]	Mat[2][2]	Mat[3][2]	Mat[1][3]	Mat[2][3]	Mat[3][3]
0														9.723326817715007	0.2643765084298659	1.0562463990239461	0.04958431525513553	-0.10049165338226296	0.9937015765717484	0.7675377360775718	0.6404570172862027	0.026469467425244253	-0.63908310834945	0.7613909880011448	0.10888775878419703
1														9.69681465170765	0.22373926826294305	1.0497615949821348	0.0497168167126214	-0.10044232161605843	0.9936999437276528	0.7673447966094622	0.6406923201176133	0.02636880844280004	-0.6393044667858554	0.7611995079942488	0.10892707549992803
2														9.743478677797357	0.21698913711788367	1.0863225185208087	0.049651676544985535	-0.10041527199075295	0.9937059344530934	0.7671952770240237	0.6408689643531966	0.02642683183609451	-0.6394889505912547	0.7610543631567227	0.1088583409381732
3														9.749797158916513	0.30565622268243053	1.062918922052541	0.04972202635885732	-0.10047507534174466	0.9936963718006823	0.7670659742285688	0.6410234511161845	0.026433431481238168	-0.6396385786329227	0.7609163517458193	0.10894399648574886
4														9.703509266903223	0.2794680265381673	1.0526117723496344	0.04974947769123124	-0.10059559250443278	0.9936828046404604	0.7670771224385269	0.6410078494008298	0.02648820941385105	-0.6396230747095344	0.7609135718169342	0.10905438333196964
5														9.643487083170353	0.26667384272542366	1.0136619352859564	0.04975354277605759	-0.10063750701780777	0.9936783569961019	0.7669248880588142	0.6411879178358152	0.026538087673153854	-0.6398052837052903	0.7607562988254606	0.10908277930168586
6														9.677262327710633	0.32747964733829127	1.0479421108341829	0.049793880567491344	-0.1006636945275372	0.9936736838933077	0.7669711329472444	0.6411335080255418	0.026516148145664276	-0.6397467082241618	0.7607986892016371	0.10913067316488112
7														9.656081854859234	0.3207362912136359	0.9931415915071536	0.04976173333445745	-0.10069405092175254	0.993672218593495	0.7668610734734588	0.641262537129569	0.026579173525208166	-0.6398811326228375	0.760685918486149	0.10912868335226548
8														9.689429711647735	0.2933128464376698	1.0270425846315383	0.04975767431397225	-0.1006604670804449	0.9936758245091866	0.7669527712291817	0.6411542800577827	0.026544978196738733	-0.6397715377779349	0.7607816109309776	0.10910417003269553
9														9.722341593234194	0.1777873630704299	1.0605760823412733	0.049835876259901976	-0.10062020947705297	0.9936759828446103	0.7666594137137077	0.6415065200055883	0.026509020247349024	-0.6401169649380981	0.7604899461762229	0.10911147035634668
10														9.755267543752819	0.18438447702637992	1.068425502329776	0.049767564284625795	-0.10054137893538379	0.9936873857843559	0.766590346583844	0.6415885044174499	0.026522283533702118	-0.6402049906628641	0.7604312080136846	0.10900434766196583
11														9.827977061218439	0.2519472795868788	1.0857610899556014	0.04967456098157065	-0.1004718605054743	0.9936990707643123	0.7665468760047915	0.6416390414711786	0.026556116945876562	-0.6402642617533669	0.7603977549325858	0.10888952849057708
12														9.822088832544477	0.2522088340662818	1.1093567367814363	0.0496668548403181	-0.10048839662463305	0.9936977838729846	0.7665788177766331	0.6416004178951391	0.02656727108609197	-0.6402266158685139	0.7604281595920765	0.10889855110586591
13														9.775414711410232	0.25930054756975296	1.0728988490555058	0.04971267313555813	-0.10045752883505127	0.9936986137808946	0.7666036924236714	0.6415731495451787	0.026507971349618464	-0.6401932746382998	0.7604552443655275	0.10890542881259782
14														9.702739954005015	0.3138445506490381	1.0296628163409085	0.04970609178651765	-0.10041650299865457	0.9937030896423896	0.7665115142608345	0.641683513616042	0.02650220479380644	-0.6403041487799938	0.7603675389434321	0.10886598539597046
15														9.729277243033488	0.3544735947942137	1.0358062880666772	0.04962063416106295	-0.10034135782986625	0.9937149513690092	0.7662827409052102	0.6419543835546013	0.026558057644147592	-0.6405845406004208	0.7601487889511436	0.10874403431847394
16														9.755314415120898	0.307317317834522	1.042176908509345	0.04959235421781262	-0.10037085903677956	0.9937133837577885	0.7662733659500164	0.6419638214695205	0.026600386461136494	-0.6405979449223727	0.7601369235739496	0.10874801322674481
17														9.709643376210387	0.24685631850509548	1.056288711084264	0.04949962369793574	-0.10034992779221552	0.993720121183958	0.766507986502947	0.6416829290154428	0.02661813737586799	-0.6403243661465344	0.7603768214525346	0.10868208461738084
18														9.709176106290766	0.1587780110897335	1.0563350669126277	0.049471142365607124	-0.10032769172962502	0.9937237847335885	0.7666515601763306	0.6415120876348095	0.026601253685240245	-0.6401546620561627	0.7605238955421676	0.10865271721004649
19														9.721441727277744	0.12464238492645789	1.0344932071619954	0.04954542821681071	-0.10030890036310036	0.9937219807626071	0.7666491171467601	0.6415178518608349	0.026532563425988198	-0.6401518427067964	0.7605215120243518	0.1086860065845068
20														9.682607133923845	0.11767087270144094	1.0505244439431718	0.04960885569731503	-0.1002939607957965	0.9937203242685011	0.76662742769918	0.641546027159847	0.026477955637774497	-0.6401729051871392	0.7604997149659616	0.10871446546320247
21														9.702681014185435	0.19162332059165518	1.0558330998816152	0.04967611274650843	-0.10023366962812719	0.9937230475818075	0.7663485989437525	0.6418808511789298	0.026434783652603933	-0.640501450989257	0.760225087959278	0.1087000778194955
22														9.696235620087393	0.22515571806784518	1.0547951709991863	0.049763462765196984	-0.10025742505069601	0.9937162806836872	0.7662868202937119	0.6419562946942916	0.026393649738679026	-0.6405685808855826	0.760158249593188	0.10877191162083617
23														9.650461356346153	0.28605430155608014	1.0444393006012715	0.04985277741757459	-0.10029636077004095	0.9937078748807621	0.7660731889822656	0.6422115032941603	0.026386628416629254	-0.6408171109655986	0.759937513913441	0.10885038006715077
24														9.677338578411137	0.2923193705867617	1.0774128835335182	0.049952284729983115	-0.10030989171623839	0.9937015119612789	0.7660116968078458	0.642287190122875	0.0263295605285635	-0.6408828673040186	0.7598717595936427	0.10892226295960564
25														9.68315450184262	0.29168767085822306	1.054687285691117	0.0501300709348137	-0.10029197006972301	0.9936943678654945	0.7659168818779309	0.6424056370667679	0.02619785333243768	-0.6409822977606	0.759773991529306	0.10901915314827831
26														9.704132616811357	0.29753927067111824	1.111338937044273	0.05027428706441728	-0.10029724063035972	0.9936865499653809	0.7659035475088469	0.6424258014426409	0.02609301734458641	-0.6409869358836644	0.7597562458859533	0.10911551156345656
27														9.72957782035322	0.28301709465602326	1.0936385097553125	0.05049521531250295	-0.10027125594419112	0.9936779702005667	0.7657256007469619	0.6426441970969293	0.025937237677655045	-0.641182140730111	0.7595749542797059	0.10923072479725815
28														9.74276713262606	0.30259118374193494	1.0976871912266524	0.05058494245200251	-0.10024909681255267	0.9936756423428094	0.7656606606424408	0.642724468746706	0.02586522798750268	-0.641252615075922	0.7595099577112414	0.10926896995835311
29														9.721658116556346	0.2953967131474497	1.0427025831104841	0.050638509507284074	-0.10021871494536227	0.9936759786417205	0.7655724259986258	0.6428314010330201	0.025819573902430837	-0.6413537260400529	0.7594234648867684	0.10927670874397707
30														9.722554119854777	0.3491416492760175	1.0688565863512458	0.05074644611548687	-0.10025439160978189	0.993666873338143	0.7655576034456858	0.6428513431658742	0.025762499807474804	-0.6413628879294052	0.7594018748678361	0.10937293282192526
31														9.636087065476193	0.29488276740576996	1.0232548396694203	0.05082384540328619	-0.10024391267477184	0.9936639747470344	0.7657891616501007	0.6425797090644843	0.025656917153823455	-0.6410802575634802	0.7596331189924876	0.1094240736405214
32														9.701241564973786	0.21946219721875385	1.040668381336711	0.050905546363027326	-0.10027784080239205	0.9936563691706969	0.7658702229583114	0.6424852670868951	0.02560240539613079	-0.640976931671701	0.7597085205658098	0.10950587584436003
33														9.733057368130346	0.1711328337171355	1.0245946605393441	0.05113277516867565	-0.10024277745660354	0.9936482400081706	0.7657418059681	0.6426452568981407	0.025427551573735774	-0.6411122568601085	0.7595778165231712	0.10962032087906642
34														9.706465943921822	0.1297827244290728	1.0187990354292515	0.051215509332042025	-0.10021017687210276	0.9936472674219564	0.7657514517853029	0.6426371655043441	0.025341420663464898	-0.6410941316940594	0.7595889638243856	0.10964907817047945
35														9.648995900941141	0.19037644942183565	1.0549235436570414	0.05134991851555047	-0.1001120809778186	0.9936502186940521	0.7654626875692867	0.6429856963192606	0.02522435862496708	-0.6414281407980567	0.7593068981453592	0.10964932567609349
36														9.715357674630043	0.290968806471846	1.0711292041500966	0.0513719391347046	-0.1000178999710849	0.9936585648777524	0.76532401732424	0.6431528649953651	0.025170235496326188	-0.6415918269244293	0.7591777209149568	0.1095861108450575
37														9.735566159573581	0.3649215786080767	1.0758914193710283	0.051499732701702564	-0.09995430097023383	0.993658349358171	0.7651699229797978	0.64334058612381	0.025057518092638897	-0.641765351587902	0.7590270271626858	0.1096138929964262
38														9.700654202004273	0.24958173104663725	1.017622585780227	0.05155755779319192	-0.0999745803122285	0.9936533105292793	0.7652968599729868	0.6431916373854629	0.02500467382099969	-0.6416093315639113	0.7591505785341942	0.10967162240666435
39														9.641176437096275	0.20224943853702537	1.0034506333309703	0.05155059670026686	-0.09995883253783455	0.9936552560005506	0.7652725337556527	0.6432206080418887	0.025003969073455534	-0.6416389055060875	0.7591281059135515	0.10965415520195342
40														9.727005019736254	0.16773093217609772	1.0500308578772866	0.05149592180056679	-0.09988154074279681	0.9936658632844115	0.7653246364693882	0.6431592765583494	0.02498691237306716	-0.641581149076957	0.7591902415045819	0.10956188366994128
41														9.739900186834793	0.22182627659899604	1.0275057705173116	0.05141827519134183	-0.0998286328504503	0.9936752009784471	0.7655842607090244	0.6428509527242561	0.02496782601935288	-0.6412775535842212	0.7594582915767831	0.10948151727259677
42														9.746264393609477	0.1881644088951836	1.0289820232705393	0.051377239660191656	-0.09981339870516437	0.9936788538978899	0.76555239006835	0.642887856134231	0.024994849384821882	-0.6413188889355569	0.7594290551947936	0.10944218939881882
43														9.714393501022737	0.23577094118189842	1.0458481853631054	0.05124535360350205	-0.0997284862370223	0.993694189762084	0.7656166397538036	0.6428099717717621	0.025030004452282373	-0.6412527385252612	0.7595061350796706	0.10929481282382356
44														9.688073333535156	0.31701399339722824	1.0132616617189523	0.05117925624454775	-0.09962868874446507	0.9937076069495061	0.7655502433835204	0.6428891463279852	0.025027392774873203	-0.6413372814562461	0.7594522170042916	0.10917335527306463
45														9.734772246917501	0.31007099035356567	1.0489763724200818	0.05109151193607672	-0.09949382036169313	0.9937256347291851	0.7652644432042599	0.6432282119137931	0.025055924757625858	-0.6416852728365837	0.7591827494800055	0.10900258490797052
46														9.709355766268107	0.32407232478792974	1.0665115604922486	0.05096790820627019	-0.0994111106893677	0.9937402595268967	0.7653144983979719	0.6431673833978868	0.025088552668030506	-0.6416354033833687	0.7592451172082848	0.10886166047070915
47														9.708864745349137	0.23647924100272213	1.0657773449740606	0.0509605814071742	-0.09936092092177573	0.9937456548514915	0.7650784279788819	0.6434476695005928	0.02510170622923269	-0.641917454338177	0.7590141658808699	0.10880936452420768
48														9.72793980465818	0.13505023816643708	1.070574481736244	0.05093602071945416	-0.09935636301739059	0.9937473697682039	0.7651871134857915	0.6433185172776892	0.02509913709507261	-0.641789843444526	0.7591242312399146	0.10879429394898857
49														9.733407737854678	0.1688452333610416	1.0216414932446953	0.0509188735555587	-0.09932290677518335	0.9937515929574963	0.7654262471346944	0.6430358885559087	0.025050074379345533	-0.6415059847835645	0.7593680308117015	0.1087670228885023
50														9.656794567055503	0.21000592263819565	1.077900321712758	0.05090208570597843	-0.09928728471224302	0.993756012693886	0.7653950640307176	0.643073196077713	0.025045168073083324	-0.6415445219376399	0.7593410956749709	0.10872776458172856
51														9.65742968958541	0.29826183111979154	1.0771151563464962	0.050791499282870536	-0.09915587096995065	0.9937747918179389	0.7650414532992076	0.6434915164443717	0.025104640964543234	-0.6419749203313427	0.7590038086309664	0.10854225052601733
52														9.691457828224022	0.3596624452159492	1.109176928219659	0.050646679719197646	-0.09905789298214207	0.993791953917599	0.7648690615899074	0.6436934267975822	0.025181162009720703	-0.6421917411926092	0.7588453769612911	0.10836725247269444
53														9.691558369862383	0.36045965778132416	1.1080390091622851	0.05059300577875814	-0.09899523460705606	0.9938009314200531	0.7647050581179674	0.6438871523446255	0.025209306502277984	-0.6423912529409685	0.7586891844297134	0.10827834305303036
54														9.7294362922047	0.3136374210196895	1.0663105199800411	0.05043000334595757	-0.09894295793477015	0.9938144222326646	0.7646816124401113	0.6439112777206556	0.025304110736083185	-0.6424319780011871	0.7586755284700245	0.10813230850310665
55														9.798719417103287	0.2529599838231054	0.9824557870729904	0.05036178545634405	-0.09894803056155854	0.9938173764900864	0.7646998130014525	0.6438876006591592	0.02535653195795856	-0.6424156649406931	0.7586949617371794	0.10809286966968253
56														9.746054012574781	0.13839962990168472	0.9954604457825065	0.05041831430890152	-0.09904201922168138	0.9938051479091571	0.7650102895621169	0.643520054226993	0.025321861538496526	-0.6420414709707899	0.758994478396372	0.1082133601616931
57														9.677747163968398	0.05035451804200418	0.9041021341903557	0.05047158799843751	-0.09902380010074169	0.9938042593079004	0.7649783161748349	0.6435599169171764	0.025274673486944288	-0.6420753807671111	0.7589630559857083	0.10823255084125119
58														9.689458709281688	0.1310883725666663	1.0828548956036663	0.05046917175769648	-0.09889827255164557	0.9938168817183543	0.7649913819375418	0.6435475868677656	0.025193034711332496	-0.6420600036315788	0.7589898781426382	0.1081356398863993
59														9.754853275870136	0.17761863679555323	1.073342765706532	0.05049938894502849	-0.09879941207097986	0.9938251797426988	0.7649791512472881	0.6435654506181865	0.02510794550713419	-0.6420721998912252	0.7589876065819778	0.1080791523921396
60														9.75544327043064	0.2657872698204932	1.072814572136429	0.050438508997449144	-0.09875570399890438	0.993832615553442	0.7648400426777033	0.6437291392361002	0.02514964045705248	-0.6422426846036347	0.7588544697279123	0.10800105484246889
61														9.774615740957111	0.28640759221984396	1.0522527427533248	0.05036397255362279	-0.09876281288196076	0.993835689166102	0.7648155644616095	0.6437556490998739	0.025215404205955916	-0.6422776834250803	0.7588310556663076	0.10795742832463878
62														9.781911179533923	0.30700002312374175	1.0796885414089392	0.050380755333986824	-0.09880882564870602	0.9938302649174555	0.7648595275006329	0.6437030402070414	0.02522497214508118	-0.6422240128518124	0.758869693690646	0.10800511707497619
63														9.716484274843348	0.2600707659170478	1.0895666271501585	0.050451269932891854	-0.0988463195960042	0.9938229593164384	0.7650167142515583	0.6435184199649934	0.025168831548327775	-0.6420312268713323	0.7590213753696815	0.10808540814563648
64														9.727205989708889	0.20605903230596118	1.0178647919451083	0.05042597348477054	-0.09894203411099045	0.9938147186896023	0.765149598718222	0.6433581042780774	0.025227787082157782	-0.6418748419898208	0.7591447974831274	0.10814741640392758
65														9.688746338817875	0.166161333496285	1.0596724193089115	0.05046178905980049	-0.09901284854379672	0.993805848075029	0.7651412468687504	0.6433672591980935	0.025247616364077352	-0.6418819830662165	0.7591278058503567	0.10822427731246352
66														9.661691741342977	0.15990423750568836	1.0284853313240812	0.050430567394465955	-0.09904932498378011	0.9938037980871928	0.7651711717874938	0.6433300003055225	0.0252900884191834	-0.6418487639137633	0.7591546232008037	0.10823318499988875
67														9.720069991787767	0.15307153466552673	1.0183779234390926	0.05047098444498983	-0.0990539987166627	0.9938012804718019	0.7651541312311196	0.643351251709618	0.025265042719508524	-0.6418659012512695	0.7591360037976775	0.1082621473507173
68														9.701371732623526	0.22119543055356838	1.0390867263426582	0.05044388791284472	-0.09906681712593374	0.9938013785041624	0.7650844452133705	0.6434325187660493	0.02530583898879707	-0.6419510930474266	0.7590654514196484	0.10825171867596338
69														9.728329087454934	0.22820131701108862	1.070998487886696	0.05038877060359212	-0.09902743430984956	0.9938080997109384	0.7650519235808011	0.6434703146072378	0.0253280169886701	-0.6419941791187631	0.7590385507161481	0.10818480717898724
70														9.755837201806767	0.3232494173780106	1.102494423146085	0.05032964360114764	-0.09898810013157444	0.9938150144807243	0.7649222314110602	0.643622840460052	0.02536964980559142	-0.6421533359471905	0.7589143530534096	0.10811150660969818
71														9.735722936900856	0.3711703505836353	1.072329273367601	0.05042262188887739	-0.09902199861381794	0.9938069244035164	0.7649597353744588	0.6435804523243566	0.025314119416143366	-0.6421013646284282	0.7589458776332485	0.10819885565849993
72														9.66252967428509	0.33827003100488634	1.0295731254734468	0.05037421103404609	-0.09908034960649476	0.9938035636807467	0.7649672793377666	0.6435685874127363	0.025387690681713204	-0.6420961769122071	0.7589483234169702	0.10821248531152718
73														9.661500241971371	0.28490214141094616	1.0047183294054363	0.050400080818499546	-0.09912491025352177	0.9937978084201635	0.764910693405286	0.6436351076017891	0.025406286164607328	-0.6421615551928761	0.7588860918673266	0.10826096527651198
74														9.71393186219427	0.2790067801218687	1.0183315917347266	0.05030282532818067	-0.09924022852325237	0.9937912269720715	0.7649756195692252	0.6435524703387399	0.02554445899966279	-0.6420918370674733	0.7589411011162579	0.10828886280573521
75														9.726091109701587	0.24607053328265352	0.9974683649649796	0.05031104717233702	-0.09939300385477307	0.9937755427243862	0.7652586382438784	0.6432141201344436	0.02558929957616579	-0.6417538586760099	0.7592078940872513	0.10842213072086938
76														9.647802077985244	0.14520403544304583	1.0303654524792576	0.0503927835682437	-0.09954631314407181	0.9937560560337063	0.7655974093634124	0.6428116781968208	0.025568596946620004	-0.6413432576555834	0.7595285892665329	0.10860546922929229
77														9.69191786988742	0.06362306685590284	0.9927039642885642	0.05032986129155319	-0.09959757089513438	0.9937541088891967	0.7656941563559247	0.6426938454892148	0.025633569643607246	-0.6412326909825804	0.7596215800265771	0.10860797011805641
78														9.69141211039834	0.09761580219636892	0.9678508797939681	0.050311759348786275	-0.09959122751390875	0.9937556612535612	0.7656062990697834	0.6427975193992833	0.025658212696863747	-0.6413390068410771	0.7595346841694597	0.10858794522275396
79														9.72116558129501	0.26707632774219864	1.0752887210011421	0.050314277256408205	-0.09948302538213599	0.9937663715204808	0.7652721051108482	0.6431959663659061	0.02564281555989384	-0.6417375465432702	0.7592114833901322	0.10849352443892078
80														9.72762096024351	0.355424679207522	1.0509260675690844	0.05025332564815474	-0.09945544056507288	0.9937722166589826	0.7651922061014396	0.6432893297069816	0.025685132017462864	-0.6418375892567469	0.7591359915240152	0.10842995614652687
81														9.687862672390086	0.29505959901118145	1.0412270330300084	0.05028240168094254	-0.09947832322893652	0.993768455571395	0.7651454087834162	0.6433449726389324	0.025685591250160733	-0.6418910994077232	0.7590858379575862	0.1084643126257392
82														9.707367113700274	0.2816316891078505	1.0473120120706814	0.05034285926709005	-0.09960754581469727	0.9937524507328704	0.7653150133169024	0.6431428576154076	0.025694261811467722	-0.6416841332872137	0.7592401474599849	0.10860880062120569
83														9.66012029845846	0.20095315234647357	1.0124490224586424	0.050373287613077966	-0.0997909344559324	0.9937325099318539	0.7656312493469302	0.6427646902073098	0.025736026230948228	-0.6413043910020491	0.7595362548444367	0.10878122842833693
84														9.693224586470675	0.17459301312231781	1.0479525583344866	0.05038089830885155	-0.09997392552746931	0.993713731061527	0.7656116567622617	0.6427833779718289	0.02585188644701275	-0.6413271833591162	0.7594963747232455	0.10892520675633156
85														9.706764512345087	0.16272236546168303	1.077682456931523	0.05037005037581749	-0.10009734585637292	0.9937018563823095	0.7652301909682448	0.6432312981216317	0.026004844692184836	-0.6417831509597629	0.7591007959877731	0.1089971039747758
86														9.766431264010365	0.3003127856472463	1.0927223377747892	0.050205842877490706	-0.10023505072900235	0.9936962855653204	0.7649678336829049	0.643532751955949	0.02626424547719125	-0.6421087032360204	0.7588270763259288	0.10898569384648059
87														9.811090937496228	0.3094387895788061	1.053788323244036	0.049991003181204266	-0.10037567071306469	0.9936929225519519	0.7647924807128252	0.6437294358251942	0.026549480170058593	-0.6423343062970092	0.7586416401576437	0.10894723848203051
88														9.790947580343094	0.23711635459037986	1.0494712977638234	0.049911393815164684	-0.10051173075769015	0.9936831712107843	0.7647794606756695	0.6437386480300438	0.026700740833976055	-0.6423559988791725	0.7586158085701515	0.10899920041631356
89														9.725151069302807	0.22489897814321227	1.033393674577689	0.04992420593759542	-0.10050364621706359	0.9936833453160903	0.7647525377820785	0.6437710660399318	0.02669026949434422	-0.6423870559229627	0.7585893695714998	0.10900017777849438
90														9.743830688539543	0.2794519224862147	0.9875903760994188	0.0498695358233886	-0.10051012987368557	0.9936854347274768	0.7647693095592368	0.643749350123681	0.026733450425007854	-0.6423713354073699	0.7586069390719499	0.1089705439044838
91														9.705420545480182	0.23950866126211118	1.0290048804834615	0.0498068627097127	-0.10059841212661252	0.9936796445055219	0.7649025685349253	0.6435875729191305	0.026815977191541718	-0.6422175153915456	0.7587324926887392	0.10900306171224121
92														9.652938646355917	0.12546015199197286	1.042052943554002	0.049717431606952245	-0.10067377418670187	0.9936764907078226	0.7648802822772616	0.6436090053477621	0.026937000922921728	-0.6422509873700974	0.7587043162037961	0.10900197152283769
93														9.731850291033156	0.16056855814837911	1.0618183137281312	0.049612302480075504	-0.10071442767578148	0.9936776255408825	0.7648160207479671	0.6436804324433061	0.027054672366239374	-0.6423356395607142	0.7586383228835326	0.1089624761217832
94														9.771439933213282	0.22336263861381717	1.071634742813238	0.04948964906731376	-0.1008350386216561	0.9936715099173186	0.7645830294484398	0.643948249399745	0.027266154375905016	-0.6426224130192169	0.75839498091771	0.10896553218420071
95														9.701718042820175	0.2871148048159759	1.1554713201218234	0.049487752804065005	-0.10104589449822254	0.9936501846864714	0.7641826945835368	0.6444145307384932	0.027472201807160423	-0.6430985706883894	0.7579707380751202	0.10910815093478957
96														9.687242936036368	0.3371179542133255	1.103085368210786	0.04941514936114125	-0.10136057919729557	0.9936217469431743	0.7640248121705797	0.6445894398356313	0.027758610197518296	-0.6432917140779344	0.7577799727078938	0.10929448092880703
97														9.673727138158377	0.3194610208672626	1.1018619300019603	0.04937008735442536	-0.10162917857700993	0.9935965501834125	0.7638792275122264	0.6447518670897141	0.027992064226347646	-0.6434680413586527	0.7576057945568329	0.10946387442425645
98														9.65176881753717	0.26055225895640677	1.0231198142035274	0.04933490152892213	-0.10190006556619724	0.9935705531711052	0.7638385505799495	0.644790923548302	0.02820165877478359	-0.6435190254678202	0.7575361651745296	0.10964589510608418
99														9.645592355022549	0.26265705578108384	1.0481893047970778	0.049285826491018495	-0.10203380970624643	0.9935592629450584	0.7635246741574188	0.6451547716551915	0.028379439094986247	-0.6438951616994072	0.7572083083850625	0.10970231744465224
100														9.679573179042016	0.2916779470315271	1.1074379105607435	0.04918122812881798	-0.1021075308239911	0.9935568725285779	0.7633073283165019	0.6454046415939814	0.028544196385050125	-0.6441607946297765	0.7569854032661212	0.10968121946788711
101														9.716560698042773	0.3130910062138012	1.016411212022587	0.04924036310546315	-0.10221153833674035	0.9935432492207263	0.7628958836365891	0.6458868392799055	0.028636717258802014	-0.6446435118509992	0.7565599726894423	0.10978046434844513
102														9.743761556578685	0.2876798198622091	1.074987601300523	0.049219938986348646	-0.10240141280188114	0.9935247094372432	0.7628464849335963	0.6459386292490072	0.02878415655130029	-0.644703527236075	0.7564900778596452	0.10990961772871104
103														9.677647105336598	0.18750974861849803	1.0607864666643836	0.049254837428425305	-0.10262300474679714	0.9935001156953321	0.762895952914824	0.6458753368035306	0.028893153775743974	-0.6446423240961473	0.7565140898923595	0.1101031597105777
104														9.748359594211692	0.14766669542010807	1.0308026610699725	0.04931740109444552	-0.10282116190962787	0.9934765234331632	0.7628054969675967	0.6459778400694408	0.028989721199738472	-0.644744575584245	0.7563996554750503	0.1102904957460876
105														9.708440945455605	0.2975029335256292	0.9970477297018342	0.04945206723324275	-0.10301147757858209	0.993450113761852	0.7624536267683177	0.6463894660183822	0.02907103796409738	-0.6451503391258492	0.756022019327181	0.11050677001095405
106														9.677907688653448	0.4205687231587151	1.091191162543726	0.04951618436019417	-0.10309296290503966	0.9934384673878236	0.7622790757568199	0.6465937707538463	0.029105090373529208	-0.6453516546424407	0.7558361837209058	0.11060246483908626
107														9.722573624212213	0.427456563055196	1.0535018793345428	0.04957137852248575	-0.10320286299679049	0.9934243038604634	0.7624302698454382	0.6464153253969774	0.029108602084817303	-0.6451687857102147	0.7559738065311428	0.11072868546145406
108														9.71486755128003	0.23116923207742923	1.0295217822022598	0.049691614296678385	-0.10338109110654864	0.9933997651853002	0.7626274285992327	0.6461831426933322	0.029098990482328724	-0.6449264676044177	0.7561479326828766	0.11095113916810274
109														9.6823337610842	0.19065245467973388	1.0485736221524002	0.049709093179213334	-0.10344443535561743	0.993392296552202	0.762952471298999	0.6458005958809208	0.029070894354970067	-0.644540559308761	0.7564660198275963	0.11102534959253403
110														9.755013819925253	0.2250135239047677	1.0930777412442207	0.04969183714510693	-0.10352204276132837	0.993385075377955	0.7628288601338062	0.6459427751719348	0.029155811601401294	-0.6446881815793595	0.7563339988825706	0.11106768506724952
111														9.774047005671715	0.24652553194871124	1.073648791381879	0.04965547907457034	-0.1036870752694733	0.9933696813472503	0.762608777449328	0.6461947647801632	0.02932880031557672	-0.6449513051038167	0.7560961026171027	0.11115978432918773
112														9.701695633292694	0.26894037025965795	1.0564926974059956	0.049578319645739485	-0.1039085080452557	0.9933503974816309	0.7623940923838592	0.6464371112603666	0.029568717989527316	-0.645211002788465	0.7558585073551541	0.11126849841505855
113														9.668821557327778	0.35242624898189984	1.048655442647406	0.04942469050911792	-0.10404413934227613	0.993343856394453	0.7622277756550178	0.6466224651770962	0.029802777526590385	-0.645419257528068	0.7556812850645573	0.11126444811842466
114														9.687844759927271	0.3743912635577529	1.0289851873427571	0.0493561330593235	-0.10419057931794651	0.9933319159831835	0.7622115751127803	0.6466346136861139	0.0299531492018158	-0.6454436357216067	0.7556507126737871	0.11133064960770107
115														9.70124849849151	0.2741945436747886	1.059244234074403	0.04934855634292429	-0.10428988305727971	0.9933218714388445	0.7624268143976916	0.6463792756033127	0.029986409553745264	-0.645189950847235	0.7558554440912864	0.11141128741427825
116														9.674860931957523	0.23460621489147476	1.0534870282372788	0.04927401083554832	-0.1043683364627867	0.993317332074785	0.7623607953880509	0.6464515953220218	0.030105689842804872	-0.6452736547477174	0.7557827632657439	0.11141959091165261
117														9.72734238741827	0.22924465055192597	1.0666505873607706	0.04908640259106138	-0.10434675967632356	0.9933288875421475	0.7622446915515921	0.6465815378536026	0.030254670850777543	-0.6454250965697623	0.7556745785402088	0.11127612531891685
118														9.727992376553223	0.2851977788890809	1.0905486729995402	0.048899347157379605	-0.10431615661287191	0.9933413277001522	0.7619806508968141	0.6468847993638513	0.030422754820323583	-0.6457509903255665	0.7554192185942246	0.11111913728985494
119														9.747224053981308	0.30719596432524204	1.0689538605821014	0.04866926993488095	-0.1043087637286556	0.993353403363277	0.761597856013745	0.6473242879302504	0.030658962325253614	-0.6462197829525748	0.7550436729520973	0.11094613132387034
120														9.746743944857096	0.3427781360837266	1.0423889586868562	0.04847573818922396	-0.10432251217128541	0.9933614227768672	0.7614302871169809	0.6475125984525318	0.030844006001206292	-0.6464317602562253	0.7548802873963013	0.11082297159215565
121														9.733648328056066	0.41201632180198366	1.0378964972573477	0.04830987496776047	-0.10434122946364532	0.9933675371254158	0.7613864983969131	0.6475571190942471	0.030989959168202075	-0.6464957509833202	0.7548395096604139	0.11072740679767994
122														9.721510575700881	0.32545993969494424	1.0862379814425724	0.048267497228374104	-0.10445847880310677	0.9933572745580764	0.7614972175729483	0.647422614465206	0.03107967032796305	-0.6463684988765824	0.7549386627304089	0.11079431020975465
123														9.675950545263959	0.2656262030606741	1.1015007241654178	0.048289114265557695	-0.10460647580396831	0.9933406498595139	0.7616399362352183	0.6472520438436636	0.031135177401328262	-0.6461987070360478	0.7550644190796394	0.11092769746490773
124														9.609111401930003	0.2322259805733092	1.0355309742047427	0.048268959259544275	-0.10471212598173335	0.9933304979936869	0.7616257922577783	0.6472645148746765	0.03122179289792726	-0.6462168832054079	0.7550390840588553	0.11099424040846845
125														9.623203925193128	0.2742310677676237	1.0898231520641193	0.04820882934224423	-0.10475301908948093	0.993329106472316	0.7615357905175797	0.6473661591897268	0.0313096741711949	-0.6463274313644869	0.7549462636026357	0.11098193789173257
126														9.655417072872861	0.31576312156552766	1.0727297816122752	0.04814964035799646	-0.10479330812428461	0.9933277277443556	0.76136032800342	0.6475675974140378	0.03141110825704352	-0.6465385240462632	0.7547678910445117	0.11096561436904656
127														9.636739574312957	0.35095255379398654	1.1182086375411635	0.0480898319270469	-0.10481053494585557	0.9933288075101779	0.7613112880945329	0.6476220866101243	0.031476269705797644	-0.6466007196756526	0.7547187454271376	0.11093748066283061
128														9.668971136686407	0.3923406882144638	1.1008622568267943	0.04801655913279046	-0.10482265243690503	0.9933310735022529	0.7611732919653039	0.6477800237611031	0.0315635931852849	-0.6467686059540527	0.7545815080905149	0.11089237124389933
129														9.74716318423696	0.37284812196738387	1.0956870635514981	0.048001104520363894	-0.10483141056383244	0.9933308961891918	0.7612110961673471	0.6477350638145958	0.03157458118183293	-0.6467252593153694	0.7546188855735718	0.11089083144773303
130														9.727970555795403	0.35315893591047864	1.1164555313205236	0.048012059274038024	-0.10485922402774439	0.9933274310621678	0.761217776984293	0.647726790512789	0.03158323693183862	-0.6467165825671686	0.7546221226470244	0.11091940247017999
131														9.694042125253903	0.32551133989324454	1.058361154689813	0.048037551193934394	-0.10487367917252932	0.9933246725477564	0.7611346055173952	0.6478243126036164	0.03158753367281386	-0.6468125740577167	0.7545363950244344	0.11094288000751261
132														9.745920331833153	0.3521153423234787	1.0469672937153727	0.04810409366446315	-0.10487407147512989	0.9933214108761323	0.7612441362053821	0.6476989714524913	0.031518367221456844	-0.6466787156429707	0.7546439369077409	0.11099174393955381
133														9.712544671548063	0.29031692320694047	1.0146398569363224	0.04819071686148868	-0.10487950598024737	0.9933166383554215	0.7611825149053573	0.6477739061011054	0.03146657872841885	-0.6467447980546357	0.754578859894614	0.11104913502325503
134														9.687313701862593	0.2699007969466766	1.059300179223442	0.048219044709417444	-0.10483519145678111	0.9933199415895828	0.7611995980928752	0.6477564227101676	0.0314131931037398	-0.6467225800840399	0.7546000261528936	0.11103470151036522
135														9.7529138435763	0.28329220626329166	1.07604919914265	0.048234615102390035	-0.10479523267478796	0.9933234020773711	0.7612334326201505	0.647718779092836	0.03136947994197381	-0.6466815931873029	0.7546378882743194	0.11101610069538913
136														9.720120742281377	0.27619972926877306	1.0677133515890334	0.04823581206838544	-0.10473733255702355	0.9933294506874055	0.7612244674696791	0.6477311122745588	0.03133235256195116	-0.6466920569789048	0.7546353406516304	0.11097245640243682
137														9.734288819444084	0.3175214671326073	1.1211954282570087	0.048294929814136967	-0.10472430481918216	0.9933279517532903	0.761071490320702	0.6479121666443948	0.031305126340458234	-0.6468676730021943	0.7544817057386517	0.11099355535535088
138														9.764938947654894	0.3713641665448915	1.0280329546199445	0.048328132333669754	-0.10476554333674126	0.9933219883575	0.7609591460977133	0.6480430978306493	0.03132604865435362	-0.6469973489863607	0.7543635226357471	0.11104101098787053
139														9.668013983767063	0.4263041559830782	1.0788230017758165	0.048356528102821664	-0.10476013400077278	0.9933211769181114	0.7607495297968636	0.6482886333541654	0.03133689163972786	-0.6472416852333389	0.7541532749964885	0.11104521020007484
140														9.719961147476026	0.4537515535830473	1.0665307474518486	0.048274424587239614	-0.10474414736514864	0.9933268563385969	0.7607938073194083	0.6482345229074462	0.03138130104688219	-0.6471957684311682	0.7542020066956227	0.11098184725929734
141														9.675647215226894	0.3262479209395892	1.1318324704553064	0.048129191844389144	-0.10475633293258652	0.993332618815532	0.7608571250293195	0.648154987378409	0.03148884927419382	-0.6471321473891747	0.7542686676821538	0.11089977803613503
142														9.68118563142995	0.2724280398744741	1.0831789837778312	0.04800522061616336	-0.10477380231372602	0.993336775289387	0.7609310067639452	0.6480637221874728	0.03158187660236972	-0.6470544812755744	0.7543446575228347	0.1108360768340117
143														9.739770769945185	0.17845133264867546	1.073564698563399	0.04801167082570858	-0.10478896849114366	0.9933348637529473	0.7607266763053755	0.6483016132669689	0.03162186257674049	-0.6472942170465457	0.7541381109041022	0.11084180736568593
144														9.707975057930799	0.19335888050602598	1.1157978464282072	0.04793841475645433	-0.10485120569945022	0.9933318343101715	0.7606003641896895	0.6484440380387775	0.03173980980529584	-0.6474480630793099	0.7540069987707914	0.11083524448258286
145														9.694708163974969	0.35026006139245336	1.1109174001978903	0.04782267995020703	-0.10484636893182614	0.9933379234702516	0.7603650682935352	0.6487137986197355	0.03186487720548614	-0.6477329343188808	0.7537755941937657	0.11074474884385185
146														9.674940654978686	0.453362869058965	1.10429123255279	0.047633547817248184	-0.10487796593982734	0.9933436753624931	0.7601619963765909	0.6489419418683998	0.03206392597337199	-0.6479851729685622	0.7535747928005518	0.11063565098334158
147														9.694114648886515	0.4752729457403443	1.0827027773926003	0.04752728479411249	-0.10483910933270729	0.993352866988576	0.7599162446970782	0.6492248911885046	0.03216118323017181	-0.6482811567873847	0.7533364466263389	0.11052483856044011
148														9.734123132189957	0.41639806691434517	1.1176450350163492	0.04732331735960972	-0.10487062426117516	0.9933592783082836	0.7599331265232576	0.6491965556394212	0.032333811382191824	-0.6482762889745921	0.7533564789082152	0.11041679600653047
149														9.701455074826194	0.3232138697557106	1.1095768920564295	0.04718832070139664	-0.10490445987967462	0.9933621276688258	0.7599624939336578	0.6491562072757345	0.03245344926998478	-0.6482517028157488	0.7533865361504266	0.11035604624915055
150														9.726742716031469	0.25689349769928477	1.0658181907425752	0.04700735732640138	-0.10497012956224727	0.9933637703564964	0.7599295044801807	0.6491855028083315	0.03263941120795294	-0.648303521953796	0.7533521453100003	0.11028639344508967
151														9.758877351541498	0.2992632002298874	1.0486051446488673	0.04688024703812474	-0.10511782178959062	0.9933541593912294	0.7599283419350624	0.64917711894716	0.03283265690271708	-0.648314088664955	0.7533387762339574	0.1103155957281299
152														9.68770457520192	0.2535301591721736	1.0823088941490333	0.04684530280449302	-0.10526153820173795	0.993340589214273	0.7600232800558058	0.6490606838854607	0.03293694593236829	-0.6482053157591112	0.7534190316215418	0.11040666380291013
153														9.752739108870195	0.21402833203572896	1.0750821232921572	0.04684164191830616	-0.10536494647760658	0.9933297985242204	0.7600750965294187	0.6489968791297133	0.0329984623230688	-0.6481448204052793	0.753459540342853	0.11048535128307611
154														9.69406928982349	0.22177355076048888	1.0862560484872728	0.04683159146571911	-0.10549712715353288	0.9933162427963913	0.7601174371461873	0.6489428704517943	0.03308523290076543	-0.6480958908889178	0.753487562639316	0.11058123331181838
155														9.655545177679178	0.2703171678234564	1.12706598065763	0.046700821000904905	-0.10550728597349113	0.993321320582796	0.7602569433230932	0.6487752333180947	0.033167405115249016	-0.6479416744174347	0.753630485874583	0.11051098277353048
156														9.674440768573454	0.379153572330157	1.1056067926335038	0.04665634955441754	-0.10549176984162484	0.9933250583479398	0.7600786063479275	0.6489813920155768	0.033221453756824504	-0.648154069044119	0.7534551342403915	0.1104611400825898
157														9.693909063078884	0.45447100906892735	1.1099235300773036	0.04654556636599971	-0.105535702677653	0.9933255889747341	0.7599926479850451	0.6490755144235231	0.033348936782427396	-0.6482628211307107	0.7533678995259707	0.11041794556809748
