// Start Time: 1748342924.2155054
// Update Rate: 100Hz 
// Filter Profile: 46.1 human
// Option Flags: AHS Disabled ICC Disabled 
// Firmware Version: 4.0.2 
PacketCounter	SampleTimeFine	Year	Month	Day	Second	UTC_Nano	UTC_Year	UTC_Month	UTC_Day	UTC_Hour	UTC_Minute	UTC_Second	UTC_Valid	Acc_X	Acc_Y	Acc_Z	Mat[1][1]	Mat[2][1]	Mat[3][1]	Mat[1][2]	Mat[2][2]	Mat[3][2]	Mat[1][3]	Mat[2][3]	Mat[3][3]
0														9.369378357787744	2.7900037330304377	0.9869447189948777	-0.2625695556295655	0.10961936350116752	0.9586661690088429	0.7275503834376301	-0.6301232720393468	0.2713210305047966	0.6338199018776942	0.7687185812636679	0.08569757758375562
1														9.36474754733166	2.709666960729818	0.9283803467438548	-0.2626798638391965	0.10955652864116033	0.9586431328526379	0.7273395891837025	-0.6303587894374707	0.2713391209999212	0.6340160969088282	0.7685344257813216	0.0858977604450214
2														9.339822780062718	2.6818426888664484	0.8509485536689378	-0.26273637885292944	0.1094712499256636	0.9586373874760796	0.7271062409979633	-0.6306463048661812	0.2712964291332335	0.6342602853159434	0.7683106686740363	0.0860964974467231
3														9.398399194584075	2.5736145044839027	0.8349580349152425	-0.2627063048928784	0.10961375138017049	0.9586293459298518	0.7268625155530444	-0.6309114033236942	0.2713331617035162	0.6345520316360431	0.7680726701715745	0.0860702764145515
4														9.446113430377563	2.548879547885429	0.7483940265993161	-0.2628002430239013	0.10957808707292865	0.9586076752770223	0.7268242924576847	-0.63093557822791	0.271379336021739	0.634556916407004	0.7680579007859053	0.08616600768507238
5														9.452323336930855	2.5754432721257197	0.8135468987207719	-0.2629552078391511	0.10973742253885976	0.9585469507357463	0.7267956492099511	-0.6308719958501339	0.2716037723257081	0.6345255258535745	0.7680873797600096	0.08613439553191465
6														9.388830140207828	2.6041693103079373	0.772356890280197	-0.2630696147787267	0.10968423663866805	0.9585216460848269	0.7269821036775295	-0.6306220287710537	0.2716852549574149	0.6342644548709688	0.7683002180539027	0.08615901708793727
7														9.381119139451938	2.709753025590728	0.8810521931649918	-0.2632388750791621	0.1098532314065388	0.9584558217239842	0.7270228455899823	-0.6304665931241791	0.2719368620555781	0.6341475196177155	0.7684036325421238	0.08609750785456405
8														9.33585406986577	2.740092105316934	0.8556577833042814	-0.2633204455998106	0.10979608884497188	0.9584399625451059	0.727145199795588	-0.6303064633507394	0.2719809196846666	0.6339733443476558	0.7685431550229498	0.08613487983400625
9														9.335685171183105	2.744783945219777	0.9301278809487562	-0.2635584752279576	0.10985879796225351	0.9583673484868959	0.726984145140459	-0.6304019681601559	0.2721900278375354	0.6340591319821131	0.7684558562793904	0.08628217718624687
10														9.388917208853124	2.6783543501788643	0.8784328567703612	-0.2635867758689412	0.10991709264231198	0.9583528809014341	0.7267856771721739	-0.6306161371373752	0.2722239281167625	0.6342748544948016	0.7682717750425283	0.08633590579012751
11														9.38446887201743	2.6025784136085393	0.8923936737986853	-0.263539036175243	0.11010129323817058	0.9583448657133333	0.7264903282899784	-0.630937804687352	0.27226694532650253	0.6346329484930198	0.7679812444608187	0.0862892162640787
12														9.440950623432038	2.5447647008776517	0.799142140926069	-0.2635574375935163	0.11013580671087136	0.9583358394473647	0.7263755787343633	-0.6310605108588532	0.27228872590116937	0.6347566429014024	0.7678754688845769	0.08632073086942954
13														9.45571736625881	2.533994277917241	0.784317476697697	-0.2634586412865213	0.11011188097963998	0.9583657537697109	0.7264336799156277	-0.6310309718874556	0.27220216972502775	0.6347311659401166	0.7679031750070441	0.08626158356071056
14														9.450137299384284	2.5761647158659042	0.7495175797392273	-0.26346362001990115	0.11016694374953706	0.9583580570073463	0.7265526137753168	-0.630869705032866	0.27225854382920756	0.6345929564234581	0.7680277727899112	0.08616913531598164
15														9.433894507324897	2.7098832137773288	0.7904376460420598	-0.26361524634184863	0.11041164070463527	0.9582881985566958	0.726521937651568	-0.6307851159546395	0.2725362574064289	0.6345651077762926	0.7680621114773223	0.08606809458713349
16														9.406956283128295	2.7416258585004374	0.780644739897555	-0.26364350551144655	0.11045034253626945	0.958275964341826	0.7265251745187351	-0.6307604614495805	0.2725846860379979	0.6345496614073304	0.7680767944063491	0.08605094480776782
17														9.34476373160065	2.656856963189762	0.8596269434438041	-0.26359407090432163	0.11073247557545779	0.9582570034375005	0.7262821891542346	-0.6309912113808938	0.27269813508237417	0.6348482869957356	0.7678466057833445	0.08590251734132776
18														9.326401008110805	2.6600198252578338	0.9169961217808021	-0.26357443301867867	0.11082129199144647	0.9582521377488437	0.7261779867811373	-0.6310987048043633	0.2727268895960751	0.634975629275153	0.7677454435134097	0.08586550058679926
19														9.334801110121978	2.6276782484565535	0.9111006671676897	-0.26362817672456496	0.1109567050993786	0.958221683135156	0.7260624773497383	-0.631181302192507	0.2728432567378791	0.6350853985265623	0.7676579794127467	0.08583567569662814
20														9.352755450876103	2.6301109146028487	0.9275132172983807	-0.26363080709878955	0.11109324908859991	0.9582051385561334	0.7259514293778002	-0.6312757188028724	0.2729202979520673	0.635211240244353	0.7675605883947239	0.08577542427977675
21														9.379252742219089	2.59552731339517	0.8644711911745682	-0.2637237164486744	0.1112761213842664	0.9581583513136926	0.7258199325433543	-0.631350502911884	0.2730969937507037	0.6353229311974029	0.7674725840592518	0.08573567409284727
22														9.349041756056636	2.6146214558693046	0.8225506301422736	-0.2637126975625833	0.111399261309578	0.9581470752050262	0.7258200112482526	-0.6313190997193774	0.27316937163800337	0.6353274151300669	0.767480552788926	0.08563104971301366
23														9.389350106615181	2.6949701471251	0.8422587461755959	-0.2637997138421878	0.1114772247763271	0.9581140534054117	0.7258139208272723	-0.6312742473832003	0.27328918186440576	0.6352982475264054	0.7675061256738883	0.08561824421778153
24														9.430786867846553	2.653554157569607	0.8370326237710642	-0.2638668030035303	0.11153842152811999	0.9580884566655165	0.7257626521467911	-0.6312956025029444	0.2733759956713461	0.6353289565426335	0.7674796692964964	0.08562753175812438
25														9.39952951913503	2.613772548384576	0.9136499880851235	-0.263925448356936	0.11170355808910087	0.9580530636764463	0.7256385245478094	-0.6313781775867598	0.27351476844824973	0.6354463702010328	0.767387719459633	0.08558036352385512
26														9.440992140181397	2.5722517183946474	0.9086332305658225	-0.26399028185432	0.11176233242488676	0.9580283462076813	0.7256894084297992	-0.6312775792536209	0.27361195226907653	0.6353613252152541	0.7674619202166557	0.08554640517332562
27														9.390197253317952	2.648882310002403	0.9208617455748522	-0.26413980494875255	0.11163445973104641	0.9580020411471957	0.7259583699426144	-0.6309374499780922	0.2736829905664679	0.6349918177046834	0.7677601719389333	0.08561372455630173
28														9.362982754647277	2.681506889946283	0.9109310347803136	-0.2641916182902357	0.11173375968461724	0.9579761770377836	0.7260407737337562	-0.6307915221626901	0.2738007495310509	0.6348760380588286	0.7678656279027061	0.08552656771032102
29														9.413977317533785	2.674876940517911	0.9278271635653825	-0.264251480000402	0.11192058990541254	0.9579378564775604	0.7259366312163696	-0.6308433531469575	0.27395742597807576	0.6349702062111474	0.767795835717757	0.08545403371781574
30														9.443627505681363	2.6534277592784172	0.8970182753609502	-0.26428293829275973	0.11203832877930803	0.9579154145391363	0.7257938458139566	-0.630971417307906	0.2740408070325283	0.6351203208101063	0.7676734223775058	0.08543825062157795
31														9.418721907485764	2.6269536407802017	0.8176547195713516	-0.2642087161537162	0.11219777352021876	0.9579172270741927	0.7256251884696887	-0.6311552581126665	0.2740640910718911	0.6353438755246905	0.7674989900800123	0.08534318988312684
32														9.41196919832261	2.6065642930735535	0.8275678205802328	-0.264246286377927	0.11234601484714013	0.9578894889722096	0.7254504944505134	-0.631310832887341	0.2741682191294199	0.6355277179140029	0.767349337151638	0.08532007112023343
33														9.387008654485088	2.584599384707308	0.8212566135494174	-0.2644167957064032	0.11207280121144025	0.9578744413423818	0.725635966365739	-0.6311060616881763	0.2741488340608083	0.6352449940493975	0.7675577021495268	0.08555098717209636
34														9.42531434608549	2.5345937292641176	0.8572915255380992	-0.2644231674871259	0.11214415459678179	0.9578643312525263	0.7255772969000505	-0.631154318324568	0.2741930208511271	0.6353093535587937	0.7675075993435008	0.0855225714690857
35														9.37058161976357	2.530184869100019	0.8087874126641736	-0.26454866836496704	0.11205042855653458	0.9578406462071967	0.7257603861296795	-0.6309164671953484	0.27425585380560225	0.6350479225942101	0.7677168181576058	0.08558634895087214
36														9.359438574353955	2.6183602528621295	0.8115510604674494	-0.2645571256799438	0.11214645863932093	0.9578270715878866	0.7258743236535176	-0.6307482721769927	0.27434118066066504	0.6349141623184317	0.7678409919771139	0.08546471509978182
37														9.417796162626953	2.704746988129899	0.920329834585135	-0.2646473078577938	0.11197551933858252	0.9578221575597825	0.7261468636255476	-0.6304362299273167	0.2743371874934418	0.6345648389963019	0.7681221537385093	0.0855325788557279
38														9.389882493881599	2.6692240854052462	0.8816507914235141	-0.2646469125554961	0.11204172716563371	0.9578145243462257	0.7261314162190089	-0.6304361006507097	0.27437836900183243	0.6345826802353032	0.7681126052670084	0.08548594957833083
39														9.413359453396144	2.6256652847259763	0.8602056230722641	-0.26474246936278917	0.11209287249299604	0.9577821322471834	0.7260440125142514	-0.630494095896317	0.2744763868388154	0.6346428261690963	0.7680575388446849	0.08553420494718694
40														9.375897031587089	2.5597021219190346	0.8728575258148223	-0.26478838989545983	0.11212242447986959	0.9577659789872088	0.7260608025634021	-0.630449376619681	0.2745346872452453	0.6346044591377837	0.7680899331774972	0.08552797784251315
41														9.397058968870262	2.5707549690499594	0.848041251492905	-0.2646327372993367	0.11219266910247666	0.957800772263795	0.7261852791529297	-0.6303325676125512	0.2744736682243846	0.6345269534787638	0.7681755393180847	0.08533396804513427
42														9.422217722208273	2.6665212128369657	0.9564441660728105	-0.2646593637981358	0.11224949276290225	0.9577867573361185	0.7263266751386104	-0.6301358222621617	0.27455128206599344	0.634353988035117	0.7683286385892825	0.08524154496184455
43														9.419706680941397	2.7174860741363527	0.8801851139601383	-0.26458963388106016	0.11244251298487895	0.9577833820422716	0.7263091684668911	-0.6301259000904169	0.2746203594713533	0.6344031190367998	0.7683085521513394	0.08505675309752192
44														9.43134353909048	2.6980429689111376	0.9064138814732675	-0.26461874383468886	0.11240076072171257	0.9577802406609421	0.7263804816482465	-0.6300413859014163	0.2746256505352051	0.6343093222488643	0.7683839671938786	0.08507504139043237
45														9.363943711897884	2.6499680496630464	0.8775760277057686	-0.26474729341908787	0.11252246012751072	0.9577304248034102	0.7263376942578823	-0.6300136444828932	0.2748024047666364	0.6343046779958437	0.7683889013593546	0.08506510295270081
46														9.388224665364246	2.6738368288769663	0.8853207922901558	-0.2648173548531997	0.1124852326132505	0.9577154279912679	0.7264545282052197	-0.6298584057977237	0.27484942622476316	0.6341416143249756	0.768521607432018	0.08508203036729312
47														9.37287330149066	2.6858688934115347	0.901996675543289	-0.2651263431232449	0.11251302206116404	0.9576266715420784	0.7264597797077217	-0.629736520246197	0.27511470977615826	0.6340064752422517	0.7686174177930626	0.08522355552322819
48														9.429430149148944	2.63300442815141	0.8821704072681409	-0.2652175788037044	0.11243530503961513	0.9576105356950444	0.7265268081161682	-0.6296457945484399	0.2751453624831729	0.6338914993766944	0.768703112773789	0.08530586984407268
49														9.402350155603264	2.6645516337425175	0.8734082478933629	-0.2650847415087748	0.11238818707273424	0.9576528469261347	0.7266449614074313	-0.6295623107235534	0.2750243570624491	0.6338116280728996	0.7687783765968739	0.08522105254370194
50														9.40298800100333	2.7321672408677196	0.9031579018847847	-0.2651251081990472	0.1122819807284417	0.9576541305743648	0.7267502694337207	-0.6294509915825565	0.2750009001326212	0.6336739878521597	0.7688850408217311	0.085282302502376
51														9.357841959163189	2.761476460702341	0.8786901794102178	-0.2653226404108704	0.1120525013423967	0.9576263015541691	0.7267509704217474	-0.6294472052118312	0.2750077141501007	0.6335905014095875	0.7689216168075438	0.08557233039727508
52														9.371968208464219	2.6825073204878143	0.8367763736312185	-0.26534419167694445	0.11193442587928432	0.9576341390355632	0.7266453535384834	-0.6296017558187537	0.27493300866006454	0.6337026038483995	0.7688122744682331	0.08572453850993239
53														9.34099607013276	2.637251787250806	0.841494101349481	-0.2654063015874024	0.11177072102884944	0.9576360482972578	0.7266103521522311	-0.6296695818614552	0.27487017630807214	0.6337167279020709	0.7687805431975443	0.08590451197685389
54														9.366826827334144	2.538932549016816	0.824711660111264	-0.26548287263785464	0.11172558329055277	0.9576200908368295	0.7265978654744196	-0.6296710222618567	0.27489988288779793	0.6336989712978627	0.7687859245343227	0.08598730146909211
55														9.409152987501423	2.5647478085118127	0.8491552965526187	-0.2657111730030895	0.11164973683970841	0.9575656159266296	0.7267287293456921	-0.6294544340484745	0.2750499398296784	0.633453176237137	0.7689742854740578	0.08611400463771385
56														9.406500898526286	2.6200749736270805	0.8468518289444257	-0.265786472423791	0.1116141214539223	0.9575488702769099	0.7269041994926986	-0.6292253218059476	0.2751104853655726	0.6332202111717506	0.7691669404558876	0.08610680503498319
57														9.374807279893263	2.7606501505091168	0.8307343868178828	-0.2659106004316891	0.11162579388177662	0.9575130467614117	0.7270252846505625	-0.6290315083519875	0.27523371337681657	0.6330290578297546	0.7693237573614156	0.08611137150508441
58														9.37240256408829	2.815092851826325	0.8283446327278904	-0.2659184751546658	0.11151536564098957	0.9575237270153537	0.7270667353041358	-0.6290101177789094	0.2751730985142772	0.6329781410014116	0.7693572609378031	0.08618629854378301
59														9.35665245652639	2.7582198284872006	0.8170028193835248	-0.26572813507257786	0.11154254658193286	0.9575734011201789	0.7268941315775437	-0.6292784650660516	0.2750155175299067	0.6332562512198188	0.7691338464182493	0.08613737043171443
60														9.394548412310561	2.6390691255854666	0.8259806592735748	-0.26570761254685493	0.11147215213097961	0.9575872931142821	0.7267652750797773	-0.6294623070224701	0.2749353359904201	0.6334127402988243	0.7689936042238825	0.08623883747996963
61														9.372323964246872	2.5609208156796606	0.8240032348764186	-0.26571560577389697	0.11154212375635542	0.9575769271845127	0.7265991912940947	-0.6296410138642897	0.2749651048237163	0.6335998990364338	0.7688371402890677	0.08625902650244666
62														9.380827896512955	2.52847249093999	0.8187446974696609	-0.2657677532224523	0.11156539658950088	0.957559744157469	0.7267243498586242	-0.6294642469496986	0.27503905383528576	0.6334344643841618	0.7689784939098601	0.08621400834245962
63														9.372551272779226	2.629881851634556	0.8535955775031014	-0.2658123727048858	0.11137562697789177	0.9575694503440889	0.7271380097230253	-0.6290006786609275	0.27500629276460237	0.6329408324109264	0.7693852194833055	0.08621071109548628
64														9.379345440624375	2.7201111507396756	0.8723725043416154	-0.2658281113905827	0.11143886914690143	0.9575577233972768	0.7273487499470246	-0.6287207591664244	0.2750890818329498	0.6326920349941324	0.7696048242029506	0.08607672983175524
65														9.410018639608795	2.7657516392405643	0.8696403718829934	-0.26586669717922634	0.11150413588219599	0.9575394127722235	0.7274154150550397	-0.6286074169876008	0.2751718176857529	0.6325991726767545	0.7696879516981812	0.08601595049375693
66														9.402771069532035	2.6770164313157876	0.8512954365862941	-0.26590356293181083	0.11146750348908485	0.9575334411319949	0.7274431426228122	-0.628571314897902	0.27518098833053417	0.6325517919279144	0.7697227408316799	0.08605308114966626
67														9.393192099075568	2.6425908428872718	0.8301358124034182	-0.26596540757772114	0.11149322067512746	0.9575132707777496	0.7273819161345477	-0.628616793767244	0.27523894105708235	0.6325961982595616	0.7696818747620848	0.08609216927381924
68														9.351488853931393	2.6804945236891915	0.763561013942431	-0.26595761584597133	0.11146311915185886	0.9575189395737639	0.7273911399545974	-0.6286169483437428	0.27521421069877816	0.6325888681355988	0.7696861083090553	0.08610817955910621
69														9.36922465044641	2.686697667517544	0.8538811699191796	-0.26583847251985804	0.11163517985723537	0.9575319802213144	0.7272017044411733	-0.6288395570135987	0.2752062728078586	0.63285668803147	0.769479303264996	0.08598845422878076
70														9.387242003805374	2.6884528760440953	0.8712256269049976	-0.26582275345701034	0.11164726332420755	0.9575349353087588	0.7270634838502743	-0.6290095985996178	0.27518287614066733	0.6330220803384632	0.7693385558138646	0.08603041521579197
71														9.41632696424153	2.60281348446897	0.885710510941533	-0.2656672499374314	0.11156144415210217	0.9575880933310419	0.7270454546087282	-0.6291104497371863	0.274999907207736	0.6331080628482555	0.7692685397247003	0.0860238022082076
72														9.367245307985094	2.556190141097141	0.8729270451692696	-0.26567918828966225	0.11159698991966954	0.9575806392939525	0.7269481892911847	-0.6292142429168339	0.2750195749339721	0.6332147337167808	0.7691784892672597	0.08604389956598851
73														9.343629964618845	2.596220392606439	0.8220388785244153	-0.2655407348036152	0.11167460978637284	0.9576099935198132	0.7269927329891213	-0.629186141593897	0.2749661168347693	0.6332216707764853	0.7691902110370654	0.08588792059300598
74														9.349972912474374	2.6179200926066404	0.812646871685048	-0.26547055567807865	0.11170228039404129	0.9576262238591544	0.7270421830829814	-0.6291426035007105	0.2749349895489488	0.6331943209520321	0.7692218048229775	0.08580656675905562
75														9.350691693154674	2.685303531760424	0.8410899934873768	-0.26533920217761553	0.11173227221785803	0.9576591288829142	0.7271072416057565	-0.6291007641497642	0.27485866868383824	0.6331746733660593	0.769251667460798	0.08568375059815647
76														9.384647385149671	2.742944829442619	0.8705972979237552	-0.2652574188781066	0.11171094233404655	0.9576842731782558	0.7270683695915153	-0.6291826157783196	0.27477412895301356	0.6332535729624118	0.7691878193037062	0.08567386395598553
77														9.363299321223387	2.7318414268129043	0.8967232885536502	-0.26520361634726236	0.11191422563405301	0.9576754397900493	0.7266938745916964	-0.6295976394863554	0.2748141644532122	0.6337058106939228	0.7688185861787808	0.08564418858754203
78														9.371407816664444	2.6305835499770134	0.86392557277402	-0.2651584213857532	0.11181505431655059	0.9576995380579452	0.726471485301779	-0.6299115191143215	0.27468283370191554	0.633979646843368	0.7685758724519485	0.08579589543261168
79														9.391188829253577	2.509563316564494	0.8569885596914462	-0.26517404725896143	0.11156115223812929	0.9577248216328125	0.7264597820306959	-0.6299930765331524	0.2745266992702292	0.6339865217433376	0.7685459210948907	0.08601312351141605
80														9.405613912497984	2.430370420259395	0.8139805241364396	-0.26510087947005195	0.11155239960094532	0.9577460967539756	0.7264888376883333	-0.629985784032614	0.2744665382720942	0.6339838266221459	0.7685531693123667	0.08596821227324086
81														9.44254132005199	2.501154901122266	0.8752467148560328	-0.26519221748865257	0.11138305084553457	0.9577405200615631	0.7268112919765226	-0.6296114587390187	0.27447177792979727	0.6335759099262458	0.768884404191467	0.08601359980993589
82														9.390416278832914	2.6980182329731983	0.9118592828472759	-0.26509584089551763	0.11133142534361296	0.9577732032537023	0.7270601872184796	-0.6293576248524917	0.2743947233491555	0.6333306240043408	0.7690996643940171	0.08589544183064968
83														9.319241585889326	2.829698185916161	0.9768534114115303	-0.26481822168944313	0.111447998039651	0.9578364438640848	0.727034380320023	-0.629452111263435	0.2742463298910044	0.6334763762713825	0.7690054507992511	0.08566386255078351
84														9.34097652829088	2.838909541380291	0.9527437681190826	-0.26468942667564466	0.11135415930729714	0.9578829566346216	0.7268839298999241	-0.6297062882249909	0.27406156794258424	0.6337028166730534	0.768810927195283	0.08573504747633065
85														9.339877744958978	2.702231659102873	0.8976827490076221	-0.26464389596177273	0.1112070840286542	0.9579126227334201	0.7265512788740225	-0.6301674966876174	0.27388348852200906	0.634103183635517	0.7684542345386008	0.08597233231101886
86														9.40432694374516	2.4792885445524075	0.8156901078547779	-0.264561486958417	0.11111892022146591	0.9579456170300938	0.7262669216236985	-0.6305656652808662	0.27372120912369136	0.6344632205050095	0.7681403044611801	0.08612139390823598
87														9.45803598134828	2.4159927197787407	0.8373882119921385	-0.26455892258849245	0.11117402569495727	0.9579399315664805	0.7260928059839101	-0.6307615503045766	0.273731809908493	0.6346635436018271	0.7679714855827294	0.08615093588944711
88														9.486746973140333	2.51481418358482	0.8323710661879	-0.264513678012422	0.11110860990225363	0.9579600153189745	0.7262311445016105	-0.6306284587693332	0.2736714668102915	0.6345241042704539	0.7680902445649238	0.08611932015508467
89														9.461618153160554	2.680001807694821	0.8797729815928619	-0.26435092446724423	0.11079030841164494	0.958041802999935	0.7266204625468455	-0.6303041144832646	0.27338512518730107	0.6341461126124813	0.7684023886138828	0.08611897021538156
90														9.4569925718205	2.792000201765027	0.9468670678118009	-0.2642467777128068	0.11066239370506475	0.9580853172279932	0.7266924904394705	-0.6302893248517629	0.2732277279428089	0.6341069821467661	0.7684329519205789	0.08613439263933215
91														9.429480889405523	2.758178596525097	0.9826019894714385	-0.2641301442556876	0.11047233580168797	0.9581394104815798	0.7265691196838142	-0.6305332453340746	0.2729929318688811	0.6342969188143338	0.7682601704832805	0.08627704927524887
92														9.406887335574604	2.6107654027671727	0.952366018023206	-0.26402600143178967	0.11027292833422564	0.9581910831585396	0.7264208014083463	-0.6308055367758505	0.27275849034299027	0.6345101180038004	0.7680652680921889	0.08644451458176827
93														9.365989708409868	2.462346160542957	0.9056360765350998	-0.2638168051761606	0.11019801739312851	0.9582573194446614	0.7263325423019423	-0.6310056947326325	0.27253045923012964	0.6346981418752077	0.7679115900789699	0.08642950030254204
94														9.363820476204555	2.516141180778262	0.9036068551347907	-0.2637867859800555	0.1101327535503836	0.9582730864099875	0.7264348036247383	-0.630910842086152	0.27247749525572007	0.6345935767284452	0.7679988840705132	0.08642167807585172
95														9.414842130643502	2.6930737307416712	0.9020296298056848	-0.26392924485103697	0.10993478278436952	0.9582565925922526	0.7267111414828317	-0.6305834935231192	0.27249839364828904	0.6342178415631974	0.7682960374948784	0.08653859377518935
96														9.39538876664341	2.81265724806792	0.9119899059115067	-0.263894121861199	0.10977517029899453	0.9582845633907149	0.7267361487385099	-0.6306106730631047	0.27236877415668664	0.634203802072981	0.7682965514726228	0.08663686531408232
97														9.373367598385158	2.7331244603164486	0.9108179940761097	-0.26381527854186504	0.10958721707086827	0.9583277835180094	0.7264681751734406	-0.6310156750167153	0.2721455646218961	0.634543528268983	0.7679907940449949	0.08685995046100825
98														9.321798385589654	2.4864947459406763	0.8873616126597217	-0.263801059695134	0.10933725508577291	0.9583602483169011	0.7262591997249597	-0.631344351131234	0.2719409588670705	0.634788607111521	0.7677562601144905	0.0871421214822391
99														9.393861182029474	2.420318688248232	0.8538243464819139	-0.26389779791824824	0.10920554619791406	0.9583486322489921	0.7262374526567346	-0.6313748266257786	0.2719282822030926	0.6347732781179088	0.767749944306662	0.0873092687207983
100														9.39452441988935	2.487429037144562	0.8845182652709906	-0.2639812840126766	0.10906019420498636	0.9583421913549405	0.7264773076749629	-0.6310971876479751	0.2719320892725866	0.6344640282351365	0.7679988370972884	0.08736808967155446
101														9.40582869187959	2.652750644114885	0.8924826537163851	-0.2641669614571806	0.10883944914885552	0.9583161225730549	0.72679128659467	-0.6307157350392223	0.271978100780188	0.6340270043180692	0.768343436155283	0.0875106959893917
102														9.385644710973175	2.777264249818852	0.9760618630984208	-0.26421599153282416	0.10870813944666297	0.9583175101376217	0.7268669390019722	-0.6306444436811384	0.2719412411533232	0.6339198394152284	0.768420539855717	0.08760999442768286
103														9.394274195685338	2.7436985830225606	0.9720887792183014	-0.26416481058435815	0.10849346294118678	0.9583559471031419	0.7267788338072665	-0.630829714682612	0.2717469370631518	0.6340421749211013	0.7682987957640466	0.0877922596180093
104														9.404464513470888	2.587503507584674	0.9433541784846019	-0.2641276213364375	0.10830668538066923	0.9583873233453204	0.7264945632840107	-0.6312397260282488	0.2715548891155436	0.6343833613564667	0.7679883268550592	0.08804362923253789
105														9.430383634297588	2.4156233102833475	0.8260239378481545	-0.2642415002514168	0.10796780134217909	0.9583941691278262	0.7263928090508707	-0.6314198432451271	0.27140830590732606	0.6344524540925554	0.7678879706243842	0.08842029216361491
106														9.397129972956517	2.3526604578159946	0.7253984194603069	-0.26424883327941556	0.1078791021874772	0.958402135547334	0.7264703427715301	-0.6313485950530351	0.2713665281459252	0.6343606191937534	0.767959016377685	0.08846216129134127
107														9.410197420072668	2.4674229669861876	0.8091491788661447	-0.26425662264357735	0.1076322145669415	0.9584277457254806	0.7269152718147066	-0.6308768169721681	0.27127224223944724	0.6338474777038732	0.7683812518499408	0.08847387644924837
108														9.434063216706939	2.6800322669643024	0.870326709741274	-0.2642412714232202	0.10756701908064831	0.9584392974428497	0.7272196269020099	-0.6305314144193013	0.2712595614515676	0.6335046682741505	0.7686738396982811	0.08838757513564705
109														9.419798394317679	2.7582000325608207	0.9150714225439864	-0.26394581491361924	0.10755279340460155	0.9585223019943001	0.7272637679357596	-0.630583288939722	0.2710205297719054	0.6335771607606027	0.7686332755877993	0.0882205702866583
110														9.392017979171957	2.7246261388400073	0.9510406975755508	-0.263831516353604	0.10733365920285892	0.9585783309571954	0.7271741923331814	-0.630793045030384	0.2707726506608104	0.6337275636921147	0.7684917826128139	0.0883728186346695
111														9.395959657055572	2.5457674093708005	0.9314957348824647	-0.26381315511407155	0.10702834965686314	0.9586175209949416	0.7270264668064423	-0.6310646261994223	0.27053641921694155	0.633904674025756	0.7683113756345874	0.08867070721939807
112														9.419994513231417	2.4275348791865152	0.8106465563692453	-0.26371729470945304	0.10678257298347882	0.9586713047641282	0.7270505157779517	-0.6311375820857766	0.2703014983050121	0.633916978774147	0.7682856464791907	0.08880557097339137
113														9.385704193892378	2.3721900992657754	0.855560264601572	-0.2636350959973015	0.10652997813257048	0.9587220138901412	0.7273166650013039	-0.6309141841572029	0.27010694371051014	0.6336458040339848	0.7685041678405691	0.08885009308830039
114														9.409912423198469	2.5119238909165604	0.8151086950680199	-0.2635494651555355	0.106420896893405	0.9587576712186637	0.7277108942261146	-0.63049578044353	0.27002208292569974	0.633228658417211	0.7688625778039323	0.08872317967606941
115														9.430599116516461	2.7150307691210753	0.9172909929858587	-0.26334689361242547	0.10618513000793334	0.9588394713349491	0.7281907283385551	-0.6300484499444127	0.26977252247849137	0.6327611530320514	0.7692617687678504	0.08859827495898365
116														9.439046085486186	2.870254506186185	0.9657380219684831	-0.2632632578763764	0.10597020283391206	0.9588862149200267	0.7284031112441671	-0.6298792343957842	0.26959424624201	0.6325514718836195	0.7694299618472884	0.08863503387231492
117														9.381866536747035	2.8543551660507243	0.9596144505784608	-0.26302093223637574	0.10566579969675893	0.9589863022900544	0.7283992202620535	-0.6300522800716879	0.2692001119949605	0.6326567514277706	0.7693301392451171	0.08875005195462399
118														9.394335629486399	2.642076503110617	0.9343537333880436	-0.2628976886364638	0.10534200032189972	0.9590557169830055	0.7282232117630854	-0.6303990975178482	0.2688641510096507	0.6329105459376251	0.7690903983387547	0.08901797584799315
119														9.43847689539707	2.470526316072061	0.8338242048502231	-0.26298182418798355	0.10498133026103262	0.9590721977220411	0.7281589702885302	-0.6305495822049612	0.26868520310857763	0.6329495036218207	0.7690163487714512	0.08937998202683795
120														9.420818349425563	2.466911059669878	0.8192840189881038	-0.2628844294946424	0.10481145795026403	0.9591174771693076	0.728377950524192	-0.6303641767663402	0.26852665759635996	0.6327379693992252	0.7691914995188357	0.08937057204981347
121														9.387564722009461	2.665096643444743	0.872802783394799	-0.26295189175725714	0.10472522607490176	0.9591084034898455	0.7286278659967214	-0.6300614106742242	0.2685592144616715	0.6324221181413118	0.7694512627858681	0.08937012186905352
122														9.422445776839815	2.790153137520042	0.9311722626317922	-0.2629354212589545	0.10464836759420265	0.9591213079726908	0.7288453929896541	-0.6298237972815521	0.26852630689674206	0.6321782639138529	0.769656224257113	0.08933050485221683
123														9.49358782075285	2.7290247228762428	0.969209751673718	-0.2629591429695265	0.10446270568416621	0.9591350438024233	0.7289933904681902	-0.6296874588906509	0.26844429733098935	0.6319977260896008	0.7697929898595981	0.08942945253436341
124														9.412192272251847	2.6870858995077773	0.8829118143353772	-0.2629451966177545	0.10427980504602358	0.9591587698786965	0.7290295438297116	-0.6296993525402464	0.2683181872960485	0.6319618246374485	0.7698080589796124	0.08955336136041392
125														9.358320601208636	2.681085303894996	0.8355864467079338	-0.262854588669427	0.10423095285764877	0.959188914490682	0.7289830516471196	-0.6298005070463035	0.26820706876492273	0.6320531430399499	0.769731920729942	0.08956335513319674
126														9.331050099931645	2.715654889310192	0.9001720301191637	-0.2628191688727314	0.10407638256522722	0.9592154038927778	0.7289826166295792	-0.6298563044594039	0.2680771910936034	0.6320683737737083	0.7697071795981124	0.08966843675552999
127														9.337783151940743	2.736152034492692	0.8924025463902021	-0.26259562582512885	0.10402415300304674	0.9592822905117696	0.7289253525794785	-0.6300166438040227	0.2678560413669952	0.6322273069588115	0.7695830066483493	0.08961377245543711
128														9.358707990628451	2.7499264363788987	0.9423849539369533	-0.26258877629539157	0.10393528061418078	0.9592937985869293	0.7288006548695349	-0.6301955408357766	0.2677745054564382	0.6323738925868349	0.7694485283333476	0.08973417531921524
129														9.35685109253448	2.614782313004337	0.8872204366702725	-0.2625899469857168	0.10372789991491421	0.9593159242508587	0.7287993206984791	-0.6302546390125559	0.267639010894502	0.632374944073113	0.7694281076113567	0.08990170925033991
130														9.360490537307818	2.506456142968222	0.8953963413097974	-0.26269569860068664	0.10375689629356771	0.9592838351646626	0.7287738029748714	-0.6302416905958923	0.26773896902090216	0.6323604304779364	0.769434804194844	0.08994647330163308
131														9.3674842578839	2.596813653100271	0.9153526965319343	-0.2629646782001144	0.10372686273624909	0.9592133839589632	0.7289573572597381	-0.6299352140715135	0.2679604399339101	0.6320369841362201	0.769689784276478	0.09003825111817593
132														9.378187241704167	2.6959863445115237	0.8935234704244887	-0.26305782884867035	0.10380394392788822	0.9591795034853687	0.7290743724193847	-0.629739435578389	0.26810222445681353	0.631863227417693	0.7698395836162407	0.08997709338975607
133														9.39548817644757	2.8163866875894232	0.8628390684787897	-0.2632810636862799	0.10379973742051157	0.9591187079896074	0.729022092123325	-0.6297282594584155	0.268270588092703	0.6318305711979685	0.7698492928819949	0.09012322424736818
134														9.429426831841118	2.6855422306246557	0.8404087754028284	-0.26338424842024155	0.10376797582790037	0.9590938144293731	0.7288036651087075	-0.6299680494600526	0.26830108904663774	0.6320395204480646	0.7696573678280987	0.09029718013151594
135														9.419935236855162	2.5340555092631094	0.8678807973859245	-0.2635002658856217	0.1038203767402267	0.9590562753309756	0.7285719716254815	-0.6301959271687521	0.2683951853921294	0.632258247901888	0.7694637241309263	0.09041617779247468
136														9.372428922499557	2.434228022929132	0.858523611229417	-0.26362443755029186	0.10389522847609528	0.9590140444363637	0.7284806659696867	-0.6302437860762554	0.26853061170121456	0.6323116915213995	0.7694144212400538	0.09046199839258057
137														9.373623202626606	2.49916735524113	0.8146879396165522	-0.26374858666911327	0.10375457688554784	0.958995135965426	0.7287843085154471	-0.6298711707872955	0.268580974517375	0.631909894440423	0.769738459469411	0.09051292350792212
138														9.377356675304544	2.6493603596529893	0.9032359557795606	-0.2638221638487276	0.10402729237733771	0.9589453520940676	0.7288399448016774	-0.6297018582174003	0.2688269045669373	0.6318150051428528	0.76984017315167	0.0903100607803124
139														9.44759222097327	2.708274827879149	0.892010087868762	-0.26384411254124124	0.10415027991540882	0.9589259634981562	0.7288103905983898	-0.6296958852096854	0.26892100458278323	0.6318399313379517	0.7698284298098719	0.09023574581793997
140														9.461412672096591	2.7024446552707517	0.9503992209043561	-0.26387491983620914	0.10421935411981142	0.9589099816501461	0.7285616946754025	-0.6299688869092095	0.2689554955342555	0.632113821817827	0.7695956910957993	0.09030276027696782
141														9.392738509180623	2.5195344696083106	0.8642717059690294	-0.2639111998112358	0.1043355736766094	0.958887358702662	0.7280728379230311	-0.6305186490749339	0.26899103302419675	0.6326616957686771	0.7691295867630459	0.09043703595766883
142														9.380886604298691	2.3541733331606447	0.8592261690359415	-0.26387495159745566	0.10436842912945449	0.9588937589329121	0.7277864969324519	-0.6308697333032214	0.2689427345824976	0.633006180698285	0.7688371808146194	0.09051278691321873
143														9.402560142753698	2.3643946097900157	0.835334809744117	-0.26397407280487484	0.10443292186131486	0.9588594546221648	0.7276511912612871	-0.630982187224033	0.2690450208831331	0.6331203935610009	0.7687361343383595	0.09057219782957338
144														9.406712580261	2.5124339993077065	0.9246447015489899	-0.26393697365009605	0.10454856146394409	0.9588570655922856	0.727671329197341	-0.6309379258334926	0.26909435224304734	0.6331127155606683	0.7687567443871632	0.09045085601942277
145														9.425293644596897	2.5819223477714486	0.9696474318325018	-0.2639284442418299	0.10468510674359893	0.9588445154174728	0.7275942433591194	-0.6309960974910285	0.26916638345410643	0.6332048589127833	0.7686904145214597	0.09036953730139569
146														9.431781314479398	2.603625161130966	0.9606735501067336	-0.26388116527209793	0.1047312233108269	0.9588524920332937	0.7274891589271579	-0.63112680605403	0.26914397322528905	0.6333452883365409	0.7685768182451619	0.09035164745618901
147														9.38829410351284	2.5827264656867968	1.0111389136877993	-0.26395294020081234	0.10473986867996327	0.9588317919574065	0.7272923459164353	-0.6313387076032924	0.2691788993460922	0.6335413869122644	0.7684015852343808	0.09046720333124009
148														9.405595085389145	2.5163101901196674	1.0000727121043111	-0.26386370535955345	0.10472004168283217	0.9588585181682816	0.7271091871538531	-0.6315967135575025	0.26906843252196133	0.6337887463109375	0.768192231341419	0.09051254474547737
149														9.390043811857403	2.387925610060331	0.885896772097579	-0.2638918159890512	0.10438153754327634	0.9588876910640283	0.7272702375364155	-0.631486858593781	0.2688909612037653	0.6335922277362054	0.7683286029059835	0.09073062828401923
150														9.410856366435427	2.4020130529924253	0.9347764141394435	-0.2638237548452672	0.10437811580888401	0.9589067917788114	0.7273330505131961	-0.6314347863078117	0.2688433452246457	0.6335484669782685	0.768371862824633	0.09066984288555041
151														9.383000900091597	2.5548597684026815	0.9500175592453605	-0.2638215251045839	0.10444446384676531	0.9589001808651686	0.7273969963972883	-0.6313393792353452	0.2688943990843472	0.6334759762798386	0.7684412418646532	0.09058832859598775
152														9.381683299069756	2.676612791548792	0.9756647426612894	-0.263789220223677	0.10444820058024007	0.9589086612860132	0.7274215367565903	-0.6313195507239044	0.2688745669200556	0.6334612499249377	0.7684570243476969	0.09055742141988204
153														9.426257462389701	2.6465285790646518	1.0034208387284898	-0.2638406255374577	0.10412257389188134	0.9589299317062395	0.7275147781498053	-0.6312802152808046	0.26871460207562436	0.6333327497371687	0.7685335252291543	0.09080665564376966
154														9.431397182866217	2.532597037040243	0.9384582963222895	-0.2638390657497883	0.10402752775809143	0.9589406763991289	0.7273373310688536	-0.6315226417855302	0.26862531478969426	0.633537176665992	0.7683472043163593	0.09095723941127126
155														9.454493886897087	2.4202793232908184	0.8900458133045483	-0.26369633750777655	0.10385341132778558	0.9589988063290628	0.7273195405099633	-0.6316414299439828	0.2683940945153177	0.6336170196399095	0.7682731109012623	0.09102691628708592
156														9.470568765364437	2.475123478908087	0.9050425185472212	-0.26362328211774594	0.10367127756777517	0.9590385974156272	0.7273980059827143	-0.6316220234094785	0.26822706879897174	0.6335573423280954	0.7683136636501934	0.09109999028857824
157														9.411129508541526	2.514549247325182	0.8950714024430643	-0.26348424350469807	0.10370819231771644	0.9590728148951722	0.7273331662139477	-0.6317374593796652	0.2681310271895448	0.6336896075760998	0.7682137679466037	0.09102245869746123
158														9.381024694955194	2.535617153865326	0.9273335580407503	-0.2634246229228574	0.10349791643401551	0.9591119065738724	0.7274661916393151	-0.6316551393776323	0.2679640366161393	0.6335616844946844	0.7683098113337106	0.09110228179698032
159														9.354693264448017	2.565534133779267	0.9185003271190287	-0.26331088812808934	0.10342062078505776	0.9591514746845937	0.7275362180148908	-0.6316303311921808	0.26783236584596304	0.6335285531606185	0.7683406145157822	0.09107289616413916
