// Start Time: 1748342924.2155054
// Update Rate: 100Hz 
// Filter Profile: 46.1 human
// Option Flags: AHS Disabled ICC Disabled 
// Firmware Version: 4.0.2 
PacketCounter	SampleTimeFine	Year	Month	Day	Second	UTC_Nano	UTC_Year	UTC_Month	UTC_Day	UTC_Hour	UTC_Minute	UTC_Second	UTC_Valid	Acc_X	Acc_Y	Acc_Z	Mat[1][1]	Mat[2][1]	Mat[3][1]	Mat[1][2]	Mat[2][2]	Mat[3][2]	Mat[1][3]	Mat[2][3]	Mat[3][3]
0														9.687791178973013	0.5529111862953043	0.8117069518473029	-0.09176706063300283	0.02170474454916882	0.9955439270302611	0.3213793227128183	-0.945616859485618	0.050240282535099906	0.9424935742568374	0.32455763605346244	0.07980102357713986
1														9.684942691767507	0.5059876871607365	0.774868870128426	-0.0918392968272107	0.021595050301517676	0.9955396513252288	0.3213606008986427	-0.9456275832621728	0.050158129588389055	0.9424929218558336	0.32453370791986663	0.0799059739658805
2														9.67916216628382	0.4771053653829563	0.7951540806168467	-0.09190384028115267	0.021501159443910622	0.9955357272765973	0.32128140866140126	-0.9456584563604513	0.050083334179283234	0.9425136288617378	0.3244499715773383	0.08000172093987928
3														9.706902383522568	0.38526529527288855	0.7636624847312841	-0.09190521437894322	0.021411030933241842	0.9955375429004858	0.32124722162833363	-0.9456747304608335	0.049995267415092526	0.9425251477631973	0.3244084954531957	0.08003420463624994
4														9.776395407125708	0.4273149605712524	0.72322188884696	-0.09198868557286227	0.021358569205335104	0.9955309604668646	0.32136605503434035	-0.9456350118678514	0.04998282706444132	0.9424764932868311	0.32452771199265784	0.0801238026467051
5														9.691758506801191	0.5846840404688048	0.743232842976497	-0.09208794755427607	0.02139913622586062	0.9955209123288309	0.3212013603447371	-0.9456879524042399	0.050039812051670046	0.9425229419106631	0.3243707348794943	0.08021303089776366
6														9.70621302687914	0.5657945108804882	0.7196194291529698	-0.09215482383786089	0.02145080449456832	0.9955136118757736	0.32120150905141226	-0.9456841445526321	0.05011077054737917	0.9425163547793259	0.32437842364789365	0.08025932497348376
7														9.709206026016538	0.49061486290244055	0.7342767254033468	-0.09228961319368328	0.021501530103156807	0.9955000308888914	0.32109664216240047	-0.9457153379162504	0.05019408353565266	0.9425388977058676	0.3242841097451057	0.08037563361014671
8														9.696004702205768	0.5049242955537306	0.8139274530004377	-0.09236730632987888	0.021504182366665486	0.9954927678602714	0.32107469442302405	-0.9457214070459149	0.050220124016748	0.9425387638301805	0.3242662338200464	0.08044929012514002
9														9.723543186910454	0.4784848649605427	0.8771600394433853	-0.09248026272833731	0.021561304103128176	0.9954810451088817	0.3206434893940395	-0.9458648060330213	0.050274460885532946	0.9426744685812348	0.3238439112805565	0.0805603339839085
10														9.73673150792115	0.4067690199896858	0.869971365320551	-0.09249790390914514	0.02150349607023294	0.9954806564816675	0.32043682482625163	-0.9459383890784798	0.05020762255753808	0.9427430079654181	0.3236327605857719	0.08060680621354366
11														9.738214372414042	0.39375711849841144	0.7595125348483247	-0.09249189954463216	0.02140721825572689	0.9954832894253809	0.3202627105467173	-0.9460030961146597	0.050099285172015784	0.9428027602589497	0.3234499546267228	0.08064168959090384
12														9.749666982563484	0.4495030202003592	0.7219699030151795	-0.09251043753129568	0.021353457323787406	0.9954827215015283	0.3202345395444792	-0.9460151447268186	0.05005182943940931	0.9428105104582274	0.32341826758520853	0.08067816037614423
13														9.766958823338461	0.47617781619727917	0.7360242194876822	-0.09258082396561024	0.021349499504507402	0.9954762628534928	0.3203689999887892	-0.9459679931667264	0.05008252939199517	0.9427579195530698	0.3235564166803433	0.08073877844595018
14														9.752306623502689	0.4961611868294102	0.7611960155559127	-0.09264043935981225	0.021369795923188523	0.9954702812326556	0.32043894834182585	-0.9459419320738108	0.050127253366315766	0.9427282903259061	0.3236312607994899	0.08078476126428147
15														9.72474909351662	0.46578941570895604	0.7699610392973966	-0.092665358556	0.021473735961863583	0.995465725169645	0.32013836451328787	-0.9460393990800948	0.05020839526343679	0.942827958267278	0.32333934813445214	0.08079051341303867
16														9.687060768843907	0.4313444884517348	0.8000528735372024	-0.09265223840403708	0.021577771635317405	0.9954646967572358	0.3201330085893572	-0.9460362108550827	0.05030253037853974	0.9428310662734061	0.32334175035434487	0.08074461559472873
17														9.692798290662322	0.4601567943182277	0.7805781456490974	-0.09255649354187667	0.0216366054631989	0.9954723264899248	0.31990592040915616	-0.9461127447383373	0.05030781580292648	0.9429175454886838	0.32311380587607275	0.08064719996302672
18														9.68264555702481	0.45615604922254094	0.802112783974049	-0.0925429533559381	0.021678582635189625	0.9954726720704543	0.3198176893270577	-0.9461410873051193	0.05033575773333093	0.9429488042187988	0.3230279894498559	0.08062549630434213
19														9.68704781959322	0.43260712020365416	0.7995277080779681	-0.0925540949155696	0.02170899600514123	0.9954709734627168	0.31974966952103645	-0.9461626550956572	0.050362475550006724	0.9429707781026665	0.32296276812472646	0.08062978388701342
20														9.669674877043931	0.40624723195554036	0.7864822789850889	-0.09259347789164751	0.021725121480496074	0.9954669592450504	0.31980452159287	-0.946142367836628	0.050395314794676044	0.9429483102592021	0.32302111212915574	0.08065882033701477
21														9.662075061661087	0.5063667842187148	0.7758736864461621	-0.09268241090644208	0.0217419844062004	0.995458314959823	0.31991296694655535	-0.9461028131631066	0.05044958378726405	0.9429027862340963	0.3231358120650457	0.0807315469506305
22														9.714282960107768	0.5224502976188178	0.7213569106730646	-0.09263893735108353	0.0217778473806427	0.9954615776864154	0.31989901061504195	-0.9461065332336829	0.05046831461480947	0.9429117934854666	0.3231225048429891	0.08067959202929298
23														9.721443439813523	0.545171980425072	0.7563737608897764	-0.09264895277113316	0.021839362411814556	0.9954592979122036	0.3197332889255216	-0.9461600136905792	0.050515863309572334	0.9429670171873886	0.3229617171469211	0.08067796325038734
24														9.679331294444951	0.5341923081837141	0.7893794911909058	-0.09267156729568415	0.021901129366010685	0.995455835859861	0.3195723951585769	-0.9462115750456086	0.05056816688707241	0.9430193343020977	0.32280643702101364	0.08068791328462055
25														9.72007456338667	0.49428790840065157	0.7728946070242739	-0.09258337345652307	0.022014389564892184	0.9954615440143812	0.31918890736348915	-0.9463385376099689	0.05061436209544001	0.9431578660942783	0.3224263309444679	0.08058846529235147
26														9.749376500765155	0.39829530280870046	0.7944276422199957	-0.09259651956286657	0.02214655945968952	0.9954573895797563	0.3189637768454154	-0.9464085154616826	0.05072505221409612	0.9432327356624939	0.322211811958707	0.08057018436701707
27														9.736454641372625	0.34871512653236364	0.7783500674878309	-0.09259585205375781	0.02220327692647861	0.9954561882253609	0.31915313270228246	-0.9463409285871633	0.05079492855694459	0.9431687473982363	0.3224063606297368	0.0805409992285307
28														9.752435918786377	0.32428201434784654	0.8084192257635937	-0.09266051697119704	0.022288164870085753	0.9954482740460971	0.31915751076864574	-0.9463339669544564	0.05089701669256205	0.9431609151754495	0.3224209371225216	0.08057435938586588
29														9.746170053984686	0.4192904546586195	0.8523669039053102	-0.09272344008213196	0.022365381739396145	0.9954406829937116	0.3190903739526525	-0.9463518633333792	0.050985135247425206	0.9431774472017936	0.3223630569173412	0.08061242227358878
30														9.756233855743087	0.42457567656814005	0.8312074021933537	-0.0927612832550413	0.022425276205168015	0.9954358097416427	0.3191068829800111	-0.9463424877709451	0.05105578394540777	0.9431681406640384	0.32238641848970717	0.08062788357460404
31														9.760441291819099	0.4592765181249458	0.7583798125516528	-0.09276508366478031	0.022441525073392837	0.9954350893981212	0.31911177054201756	-0.9463399169427726	0.05107288421740272	0.9431661132346751	0.32239283421491516	0.08062594677068402
32														9.731174466508087	0.49865337416634115	0.8077733887143627	-0.09277440046889907	0.02246175318398297	0.9954337648791799	0.3190048788065151	-0.9463752466452531	0.051086004294496834	0.9432013559761655	0.32228770094596937	0.08063398727388149
33														9.722743059951888	0.42451656960651113	0.7891148012000198	-0.09283237829925006	0.022491465132415484	0.9954276887526795	0.3192166250401932	-0.9463003229413179	0.0511511984131878	0.9431240087269822	0.32250555467674347	0.08066765997221215
34														9.689375483205547	0.423776807996815	0.7459258772717998	-0.09284217675114204	0.02257368213951405	0.995424913838695	0.3191928216894727	-0.9463040619629788	0.05123050745677521	0.9431311005358809	0.322488838856526	0.08065157168305781
35														9.70788386055678	0.5034195224219158	0.7430387606424899	-0.09288628819615108	0.022650636206865776	0.9954190505232281	0.31934262581426576	-0.9462480830376422	0.051330816140369745	0.943076044019352	0.3226476623609891	0.08066015850342578
36														9.6964221626531	0.447986978600259	0.7812111645935821	-0.09289735988168069	0.02274036221090367	0.9954159715684345	0.319483142265913	-0.9461951698180566	0.05143172582052258	0.9430273603320913	0.32279649400124516	0.0806338708334915
37														9.71369491147542	0.47551669449440925	0.7943995822525277	-0.09291615775432144	0.022796619517435057	0.9954129302790634	0.3197750870178186	-0.9460919441008298	0.05151627927422062	0.942926551408391	0.3230949511306084	0.08061743733826537
38														9.713681448869266	0.4762091335659195	0.7941493760787731	-0.09291098589142494	0.022873950463742215	0.9954116390171789	0.31979584243311177	-0.9460809186751242	0.0515898680103935	0.9429200219865842	0.3231217691660773	0.08058631662884513
39														9.718112243896044	0.45298337840242897	0.7914270627044443	-0.09293541670632177	0.022942492976540302	0.9954077809308324	0.3196019463096448	-0.9461433535134673	0.051646398881016575	0.9429833531068879	0.3229340437586467	0.08059776141419306
40														9.748744237236279	0.40872174633918945	0.7968869732124543	-0.09295835044742701	0.02299745480236376	0.9954043711752057	0.3196630811158235	-0.9461191535896327	0.051711331276379446	0.942960370139505	0.3230010283009177	0.08059823858446263
41														9.777383486079348	0.4924261617790096	0.7722898303395381	-0.09291100244973388	0.023000558241325852	0.9954087200463801	0.3199282915639573	-0.9460289491368049	0.05172152020271689	0.9428750892248416	0.3232649095025625	0.08053796870760416
42														9.724915166695473	0.5348591988066088	0.7565390817305035	-0.09296475677759547	0.022996788877109903	0.9954037882681702	0.32023255784641547	-0.9459238131521364	0.05176145870108825	0.9427664943624295	0.3235726926257282	0.08057325669545307
43														9.710214720900625	0.5549052354933163	0.7816044232837683	-0.09298088402893012	0.023028025392737017	0.995401559799717	0.3201713406104099	-0.9459429091329064	0.05179117022144167	0.9427856956153562	0.32351464063885105	0.08058169417047234
44														9.70446411113297	0.5271801493308408	0.8010542553827499	-0.09297153694403837	0.023055079756399116	0.9954018066166497	0.3201998021199325	-0.9459319010743712	0.05181626435958711	0.9427769513732398	0.3235448992446839	0.08056251071142206
45														9.735142983022158	0.4826324285247638	0.8062103846503825	-0.09294572664231171	0.023134975753971915	0.9954023632661299	0.319871901087206	-0.9460406683649645	0.05185576818858975	0.942890798976101	0.3232210183395182	0.08053020867833038
46														9.706290716687379	0.4575681558016446	0.7600176606055999	-0.09291055648998298	0.023151345536235324	0.995405266056285	0.31985499623896824	-0.9460462383872249	0.05185842471914692	0.9428999999330211	0.32320354273003205	0.08049260893439264
47														9.722344946152166	0.43237178041599655	0.7897546964592176	-0.09292325494086551	0.02319027595887105	0.9954031744937056	0.31968731984633325	-0.946101442047522	0.05188524727769725	0.9429556120097401	0.32303911908088	0.0805011883315141
48														9.772710989636282	0.518585790172592	0.7760947590694963	-0.09299063447132128	0.023180383099966922	0.9953971125836965	0.3197969281866785	-0.9460631969206268	0.051907149360063964	0.9429118021442864	0.3231518176827455	0.08056200162205585
49														9.746416750055381	0.5395796755448063	0.7690758458498628	-0.09304326783069466	0.023065269213609574	0.9953948682143633	0.3201951123621189	-0.945931698080082	0.051848940073475874	0.942771467711447	0.3235447664905686	0.08062718986649459
50														9.712620842800053	0.6022610173867345	0.8216289551715346	-0.09309256669543098	0.023017996561927684	0.9953913531171209	0.3202853567096552	-0.9459023033895513	0.05182781801032335	0.9427359462243002	0.323634059203628	0.08068414602607499
51														9.69834114244657	0.5572141065206188	0.7521951195283846	-0.09320941210959016	0.022963149520807025	0.995381685213401	0.32021407587958145	-0.9459275380569927	0.05180770554678962	0.9427486150097335	0.32356419225483257	0.08081622601747435
52														9.695819571398586	0.45268064890425774	0.7859701193980401	-0.09324721472136377	0.022909726211673254	0.9953793756109348	0.3200218849664903	-0.9459955829542142	0.05175277938054684	0.9428101346979691	0.3233689865711047	0.08087983948286737
53														9.678510313077977	0.425375906145872	0.7733006377147039	-0.09325995503217988	0.022828781476369353	0.9953800417547566	0.3199147743056558	-0.9460362913507246	0.05167081021552966	0.942845224821316	0.32325559884350363	0.08092403751649291
54														9.687422130111955	0.37706490968523576	0.7684638918326059	-0.09325831882863278	0.022770813733530793	0.9953815228399463	0.31987164623363035	-0.9460541131596115	0.05161148040473956	0.9428600192526169	0.3232075262361544	0.08094367843915451
55														9.726411449232074	0.40632195870609583	0.7931310014450289	-0.0932938704273496	0.022741696374946385	0.9953788570120801	0.3198180450555323	-0.9460733634225306	0.05159078482867088	0.9428746850974115	0.32315322413426495	0.08098964090602656
56														9.734583631048396	0.538516414628937	0.7417247152912906	-0.09330937091485136	0.022696368562711067	0.9953784386621707	0.320087643241991	-0.9459829942828913	0.05157591658287161	0.942781661861994	0.3234208548959715	0.0810042509692942
57														9.721152455225718	0.6101697392826214	0.7502431992693968	-0.09338589458499241	0.022691555438033584	0.995371371903152	0.32021468880860904	-0.9459382898644066	0.05160721693336165	0.942730941342102	0.3235519202233299	0.08107112405801226
58														9.693043414504924	0.7014588340968616	0.7835360450076955	-0.09347622864268251	0.022659866585003713	0.9953636145274198	0.3203055899480448	-0.9459071220738071	0.05161439196660003	0.9426911072704436	0.32364524846874654	0.0811617484830594
59														9.687841106461281	0.5512703589874663	0.7792691604961263	-0.09343231898161364	0.022670791744866498	0.9953674884038455	0.3201357552783187	-0.9459656273365207	0.0515958340392319	0.9427531490067265	0.323473441103724	0.08112603120094763
60														9.704422709507158	0.4038359636469329	0.7852769829219434	-0.09342518765889413	0.02267522204097014	0.9953680568595182	0.31992320025452814	-0.9460384286054773	0.0515794294324827	0.9428260074105941	0.3232601520556966	0.08112948812316284
61														9.708880572573388	0.3798455135214799	0.7827489579687672	-0.09340135864673121	0.022668925613653274	0.9953704365784969	0.3197724342668127	-0.9460908563217914	0.05155270960266495	0.9428795132391105	0.3231071206207353	0.08111727385801354
62														9.733703766948237	0.36459574857408616	0.7365871923531958	-0.09337965946504595	0.02266517006398422	0.9953725580224534	0.31981151477837483	-0.9460780429182027	0.05154543358265881	0.9428684076865409	0.3231449005849135	0.08109586310418665
63														9.74340595395013	0.4332940162194694	0.8098199347450933	-0.09342756599135082	0.0226226458632805	0.9953690299617911	0.3203752477130854	-0.9458859997816833	0.0515691387341799	0.9426722604201906	0.32370957865214695	0.08112409089252415
64														9.74013360197357	0.5096034485539409	0.7965553151049148	-0.09348715621103987	0.02262878205649302	0.9953632954083717	0.32069522036552867	-0.9457746813795291	0.051621969123194944	0.9425575458603462	0.32403424245608803	0.08116084313036398
65														9.736826313749429	0.5864106223293329	0.7832895678923426	-0.09355555039582347	0.022730264363229363	0.9953545569655631	0.32071511107951467	-0.9457613527197656	0.051742450917346	0.9425439918196865	0.3240660407751128	0.0811912846366763
66														9.684363451219296	0.629024854369954	0.7673444275135218	-0.09353925333650914	0.02272941803085085	0.995356107953946	0.32079896522755014	-0.9457328531429019	0.051743544477738906	0.942517072521332	0.32414926197997973	0.08117157115427209
67														9.74121954338419	0.5633873632689173	0.7809451308639688	-0.09354634031650305	0.022769405544745297	0.9953545279871533	0.3206276217732339	-0.9457895583020373	0.05176909853259809	0.9425746709780768	0.3239809648389496	0.08117465153971554
68														9.739960235187354	0.5113114043267772	0.7975799988873686	-0.09352751940720683	0.022753762454104598	0.9953566543745593	0.32038301139623226	-0.9458747490996945	0.05172702411961361	0.9426597101405234	0.3237332625940244	0.08117540001756807
69														9.716987820419682	0.45590496768131494	0.8034641835957941	-0.09347306098669789	0.022710253101316108	0.9953627636564728	0.3200940592386502	-0.9459771616470742	0.05164303324039607	0.9427632683287468	0.3234369398294191	0.081153963821123
70														9.682478046635113	0.4017642712796347	0.776717206463691	-0.09342160165662666	0.02265955078439813	0.9953687503142539	0.3198455501699089	-0.9460659238868878	0.05155668430530838	0.9428527076804831	0.3231807735901042	0.08113543739503054
71														9.70425544443169	0.4039847512258001	0.7872649928611715	-0.09330996591990215	0.022594040144321592	0.995380710889047	0.3200502854187151	-0.9460010953368228	0.051475648853917755	0.9427942856548436	0.32337507166058677	0.08104010096911696
72														9.74636108659284	0.41523021508704594	0.7546082640438238	-0.09334484538771348	0.022552529325411186	0.9953783819536022	0.32014187007576556	-0.9459712047920817	0.051455444110510284	0.942759737612896	0.32346539710646743	0.08108152693937021
73														9.703614728532356	0.525802673949375	0.8121719609169202	-0.0933897850436039	0.022508116471283424	0.9953751718535203	0.3205105761061332	-0.9458461175499224	0.05145962028477852	0.9426300009301766	0.323834072649334	0.08111827622503948
74														9.68309978516358	0.5748513677999408	0.7855678829603079	-0.09339758047339769	0.02243801708893728	0.9953760230942034	0.3206288463714841	-0.945808962357665	0.05140573507312832	0.9425890063204677	0.3239474372688167	0.08114199314017118
75														9.686977098140611	0.6726682395739055	0.8073701992156693	-0.0933534312935233	0.022375576407432818	0.995381570276525	0.32065310729693325	-0.9458046297131637	0.05133407439476148	0.9425851270026209	0.32396440544229643	0.08111930941442075
76														9.64673521182489	0.5903803096907059	0.7998348057014651	-0.09331092023781279	0.02231607889422707	0.9953868920109196	0.32035898061185564	-0.9459094856415986	0.051238350037621394	0.9426893420982886	0.3236622276324992	0.0811145282810854
77														9.709929260722154	0.4297196652838954	0.7701185315714789	-0.09324507572575252	0.022278014436318966	0.9953939149531074	0.31981857627166976	-0.9460979705076287	0.051134220175027945	0.9428793316880272	0.3231134789421841	0.08109405404478137
78														9.697153909675597	0.37816208417521785	0.7540230974243122	-0.09319583427508349	0.022194140051104594	0.9954004001511969	0.3195655582790664	-0.9461898064567689	0.051016704314279876	0.9429699838465484	0.32285022890605797	0.08108846563936334
79														9.698549662814417	0.3712897202354268	0.8082833681238473	-0.09315245143909268	0.02210694783366693	0.9954064012494431	0.31964418030497355	-0.9461681104769877	0.05092646378425125	0.9429476225051153	0.32291978814232897	0.08107152174508836
80														9.747699507010546	0.462656544018764	0.7400020156720232	-0.09311045104848942	0.022098888537340544	0.9954105098053571	0.3196688222192381	-0.9461608193628039	0.050907249028723595	0.9429434171818115	0.32294170221283214	0.08103313498419312
81														9.777839633076074	0.5396563012292521	0.7692946577731318	-0.0930987698788176	0.02208472382061935	0.9954119167564844	0.3197748449072878	-0.9461254308574663	0.05089909281406013	0.9429086210294036	0.32304633422860757	0.08102097462933755
82														9.709600324731412	0.5485177460153263	0.793652960296125	-0.09302714312217164	0.022019257271118364	0.9954200635670127	0.3197479020253854	-0.9461392593457032	0.050811229813194386	0.9429248272226647	0.3230103005075736	0.08097602097606083
83														9.68220283041241	0.5163966323117933	0.8017749710714452	-0.09290517745680826	0.021898833189496675	0.9954341108816083	0.31961886465392375	-0.9461917170808067	0.05064598587263852	0.9429805986122175	0.32286479466274015	0.08090682918228187
84														9.683638883035105	0.50896574014508	0.8561079354630822	-0.09285022980032298	0.02173956670845356	0.9954427286716984	0.31947431926055486	-0.9462502377153594	0.050464313694248586	0.9430349909515728	0.3227040112284865	0.08091431874527877
85														9.693885686868533	0.5115268341383193	0.8347780907481382	-0.09281366835831645	0.021568358911552704	0.9954498625544806	0.31916683984003524	-0.9463646922232838	0.05026328341497907	0.9431426993368487	0.32237970656818904	0.08095167373569617
86														9.689980184482522	0.411161446937872	0.8135800380311334	-0.09273947873715838	0.02136074469382898	0.9954612537259726	0.31885272359126754	-0.9464837329278382	0.05001483741266399	0.9432562375844598	0.32204388193087835	0.08096547640136253
87														9.744114450672072	0.3549459734117293	0.7187491162672993	-0.09269467480469307	0.021174383275134434	0.9954694082470692	0.31862484097317323	-0.9465716130081241	0.04980353563772866	0.943337642616721	0.32179780443644446	0.08099546334339702
88														9.738006970129986	0.4469684611779591	0.762145769148503	-0.09257325685757978	0.021047188229875446	0.9954834041722629	0.31853121837940307	-0.9466119650455375	0.049635174527339204	0.9433811822548264	0.3216874313681568	0.08092676607429594
89														9.814857826494855	0.5104228541269732	0.7558796893623801	-0.09246527849714042	0.02090742753921393	0.9954963845972213	0.31888926293962255	-0.9464985950478098	0.04949795505216892	0.9432708043050366	0.3220299505422047	0.08085110203030438
90														9.768390712847628	0.5214364450033405	0.7911794163662658	-0.09241890762741545	0.02078701667186411	0.9955032121750481	0.3188389764177926	-0.9465225257879546	0.04936410935938165	0.9432923473821938	0.3219674022535113	0.08084886675962821
91														9.730728691564236	0.48483276053150437	0.8214413905674199	-0.09239938460550884	0.020688611779945743	0.995507074343092	0.3186666790417559	-0.9465865202473329	0.04924944014447977	0.9433524799315589	0.3217855513050032	0.08087124073682411
92														9.748463380349655	0.38808393189197243	0.810524069878247	-0.0923030334202875	0.020568204489830766	0.9955185076056989	0.3184396729685369	-0.9466714905162671	0.04908425127676855	0.9434385643491074	0.321543213282094	0.08083091791586466
93														9.738342116981789	0.38186678659421747	0.8322682537439375	-0.09219944963717247	0.020363084395665615	0.995532323071681	0.3183368550379495	-0.9467183503396781	0.048846820312752504	0.9434833905327378	0.32141827876462437	0.08080459061734163
94														9.710865529479367	0.3487558715647315	0.8408742512717523	-0.09216090776312591	0.020157585774464415	0.9955400739377702	0.31821496922482984	-0.9467705663954734	0.048628468703366956	0.9435282722004235	0.32127739780902553	0.08084078930554772
95														9.760184822454756	0.43859984879388575	0.7737647444950867	-0.0922213903539375	0.019914675413265026	0.9955393617855457	0.3183453584610795	-0.9467369957154177	0.04842823236535296	0.9434783770216857	0.3213914539108501	0.08096965756131358
96														9.664126912037924	0.5953084964404649	0.7623426431869149	-0.09233789501040451	0.019656902599643256	0.9955336856808188	0.3184936300319416	-0.9466970626626721	0.04823358969582456	0.9434169389904572	0.32152492551286993	0.0811554157146595
97														9.629109489150402	0.6040597545886295	0.8318331314203776	-0.09233256858043565	0.019460725020328418	0.9955380339098163	0.31812491800411274	-0.9468322100188526	0.04801356699613246	0.9435418556292117	0.32113867137499763	0.08123250841433866
98														9.664426514438457	0.46944854039489137	0.7397707187035166	-0.09223505210673988	0.019325684585358077	0.9955497039717175	0.3177620271204158	-0.946963736165205	0.047822343191865735	0.94367366673188	0.32075878834935095	0.08120228083905756
99														9.690833094830417	0.32457724780731106	0.7232696608574926	-0.09217885198926817	0.01918875705133463	0.9955575577779348	0.31730322652435783	-0.9471270355723564	0.047634451032345704	0.9438335243480034	0.3202845142849491	0.08121642830167802
100														9.734207810178495	0.2701950668434491	0.8157148034442732	-0.09216902633595103	0.019029692155631106	0.9955615206509059	0.3170827225133137	-0.9472095880409672	0.04746096719205642	0.9439085854402571	0.3200497885325383	0.08126939886851559
101														9.725413201652257	0.3159977634453324	0.8222937715401422	-0.09225852885451774	0.018784993823013352	0.9955578777050931	0.31708973393733336	-0.9472174074983479	0.04725762968727429	0.9438974862161413	0.32004110195282376	0.08143235582783409
102														9.729597568958079	0.41203095466926515	0.8455672701878162	-0.09230158178117492	0.018538308454162683	0.9955585111485665	0.31712284454079076	-0.9472171719697691	0.047039670448990156	0.9438821533809449	0.32005618295113514	0.08155072215314224
103														9.747120479825888	0.494629249910066	0.7900937130577298	-0.09231975765008699	0.01827321729591494	0.9955617268040622	0.3170368892395615	-0.9472585140739433	0.046785877951874666	0.9439092505154996	0.31994905382588956	0.08165739248339249
104														9.712394976832428	0.4390899632360479	0.7642904183491401	-0.09234575052218058	0.01799991690710348	0.9955642949362099	0.31700727472851775	-0.9472809472220111	0.04653165373557597	0.9439166542283769	0.31989812444199617	0.08177126542251817
105														9.751580534071877	0.34422602207556674	0.7650928313167484	-0.09240358753354533	0.017802233770573522	0.9955624829631281	0.3169074701678166	-0.9473230726011745	0.046353548616093726	0.9439445070356441	0.3197844220568725	0.08189438959408119
106														9.721182747254526	0.2652452416339685	0.7360483880368337	-0.09238825827874542	0.017568156410845248	0.9955680637769296	0.3169886211231214	-0.9473066916575825	0.046132916873193264	0.9439187591157846	0.319845887610097	0.08195110962169538
107														9.71246525320208	0.3111124287106217	0.7424483061731999	-0.09242822074286927	0.017350433255607672	0.995568172691428	0.31739382793509163	-0.9471787384176262	0.04597385646541843	0.9437786721467147	0.32023647505466357	0.08203912509008715
108														9.734197111849701	0.43410401807727567	0.7785797281932684	-0.09238934100527763	0.01713121649087407	0.9955755777891266	0.3177155698342086	-0.9470802195226062	0.04578072164062166	0.9436742162174054	0.32053951271341696	0.08205726315147599
109														9.712528478202362	0.5517330159672239	0.7927705733601701	-0.09227695468846492	0.01693463507831061	0.9955893640292605	0.3179699686968372	-0.9470045444173717	0.045579511403465445	0.943599524501976	0.320773457423788	0.08200199004922931
110														9.728428370123417	0.5246234576428123	0.8227862619729462	-0.09223697250467239	0.016766108020597276	0.9955959213079442	0.3180314069544389	-0.9469919793385467	0.04541162030848045	0.9435827282722764	0.32081940198545217	0.08201552423745423
111														9.698036893386673	0.4460666773611132	0.7930767803238256	-0.09215463174315275	0.016620731411659706	0.9956059838789768	0.3179329212885578	-0.94703335044501	0.04523815542020426	0.9436239618668061	0.32070482446050036	0.08198923196708263
112														9.689360553040375	0.3702490159387223	0.7740783726907369	-0.09210110799173615	0.016468768961486968	0.9956134619196284	0.3179524001158901	-0.9470344479048654	0.04507799620737038	0.943622624340493	0.3207094232017823	0.0819866373401214
113														9.745895497421559	0.30232728693538957	0.7871394675976899	-0.091964814205441	0.016284893471957163	0.9956290851480611	0.3181470089737449	-0.946978686088866	0.04487592644685945	0.9435703225670136	0.3208834217251042	0.08190772877311603
114														9.72276921488734	0.36768395243908925	0.8168333207888195	-0.09187378558025117	0.016098834630410397	0.995640514968478	0.31829645522700706	-0.9469376125860293	0.044682484933055044	0.9435287881739886	0.3210139956347908	0.08187454118045834
115														9.746207223675336	0.4207818546762029	0.8110454964842227	-0.09170573386847503	0.015913900558077065	0.9956589808487005	0.3187707991565777	-0.946786946049806	0.044493329778288904	0.9433849882103923	0.32146730247213384	0.08175290490599307
116														9.730506320520538	0.44478545111646955	0.7807881065936486	-0.09160594072741202	0.015744112947786826	0.9956708665673272	0.3191307190065531	-0.9466733184670706	0.04433071496044197	0.9432729911376693	0.32181011638857915	0.08169646981456935
117														9.749624468165745	0.5220324012682956	0.7780647542144535	-0.09154710976058461	0.01556805173869713	0.9956790459076386	0.31950476426423974	-0.9465543465530035	0.04417662995373922	0.9431520727363836	0.32216844163679076	0.0816802479574203
118														9.711759434286245	0.4854827254863868	0.8081649006094769	-0.09149364693237466	0.015420007245544987	0.9956862638138392	0.3197030433613422	-0.9464939625971822	0.04403569952414163	0.9430900681464686	0.32235291551905043	0.08166836119243609
119														9.725974176194502	0.40669590550640833	0.854193191924684	-0.09147106251844317	0.015318465842774825	0.9956899062087405	0.3198381180657677	-0.9464526105109341	0.043943535237685794	0.9430464585341991	0.3224791476378921	0.08167359661998153
120														9.782823301594968	0.3972639224967069	0.7968020134596536	-0.09135915154598873	0.01518280998859009	0.9957022585640991	0.3198913153792887	-0.9464420802725536	0.04378281665528608	0.9430392631135283	0.32251646620011865	0.08160929638271719
121														9.778596668165196	0.41963293913016886	0.7994363681852479	-0.09135895025306257	0.0150371099356994	0.9957044880552868	0.3199412024300346	-0.946431417783812	0.0436485786635446	0.9430223587997701	0.32255457950013006	0.08165398978134647
122														9.772701664993859	0.3901858980237692	0.8183640327997416	-0.09127477643996063	0.014937505135238505	0.9957137069088537	0.3201322541501771	-0.9463716716534907	0.043543069994029016	0.9429656701272653	0.32273445746017454	0.0815978855689603
123														9.767489201249964	0.541114142386404	0.791356042514943	-0.0912890180901762	0.014784492654147524	0.9957146850142822	0.32056578778378864	-0.9462296540507567	0.04343981465826771	0.9428169975550349	0.32315764043566286	0.08164097347144028
124														9.769166493145091	0.5921940232936896	0.7757239608246779	-0.09132515596919105	0.014640913473183886	0.9957134926975096	0.32079190303390925	-0.9461578384343243	0.04333474030347942	0.9427365861337332	0.3233743781160743	0.08171132567126987
125														9.681749558827368	0.5224832278724023	0.804045458166498	-0.09135855475718907	0.014513417698801934	0.9957122953842531	0.3207609882700079	-0.9461734856575639	0.043221793607667675	0.9427438691801321	0.323334340498061	0.0817857039950039
126														9.685564781953296	0.4395979385919656	0.8725922777007112	-0.09135006455856753	0.014426978833020465	0.9957143305119682	0.3205808357781112	-0.9462391267904675	0.04312125534607411	0.9428059680745309	0.32314606173147953	0.08181399238810894
127														9.68264174239079	0.3924761865788742	0.8351644727280242	-0.09133199671902664	0.014303849840842014	0.9957177643564699	0.3204906574248303	-0.9462756219467263	0.04299053166380368	0.9428383768593194	0.323044652005055	0.08184099175973586
128														9.673716736380483	0.3174928847991976	0.8168176534466909	-0.09136741291011735	0.01426895585637214	0.995715015833788	0.32036114877404487	-0.9463209679010929	0.04295765434602811	0.9428789584110391	0.3229133360663623	0.08189167952976756
129														9.715908193558723	0.3285501726170713	0.7850066546591398	-0.09149328733795686	0.014203436508283568	0.9957043942674197	0.32051936783319446	-0.9462677326973716	0.04295012106601351	0.9428129789178252	0.32307219076722005	0.08202466907562361
130														9.702977049167675	0.40000773799227707	0.794420918171664	-0.09160122235635654	0.01414666168519152	0.9956952787002593	0.3205482093313745	-0.9462587024351272	0.04293382769145601	0.9427926927788906	0.32310112972404637	0.08214376673719254
131														9.698615481041848	0.4236237996009099	0.7982896433268696	-0.09174648221643045	0.014082002200214189	0.995682821090604	0.3206643141793021	-0.9462195452440952	0.04292982424813635	0.9427390840592261	0.32321860932206736	0.08229671910277314
132														9.694260120554349	0.4473639985336741	0.8020195823407128	-0.09183697028315169	0.014053480686702036	0.9956748819618781	0.32074218538537125	-0.9461927351722705	0.042939008156145986	0.9427037824276656	0.32329832598979835	0.08238792999442596
133														9.709017581588533	0.5502224768685321	0.8032985946911154	-0.0920280070585448	0.01406553061272875	0.9956570728746997	0.3207927850617877	-0.946172031727725	0.043017152724591334	0.9426679346244543	0.3233583882085194	0.08256220567580769
134														9.717449306471213	0.5031148218091192	0.7989984620392311	-0.09211644348830944	0.014127956114210027	0.9956480109431745	0.3205867583703783	-0.9462386694813132	0.04308724562798752	0.9427293838619	0.32316061213314473	0.08263490527067502
135														9.730201714764664	0.432043606285009	0.7916629299194438	-0.09220509318210257	0.014177468561449968	0.9956391013698034	0.320196916592078	-0.9463687577296132	0.043128980955213864	0.9428531992819489	0.32277728200494293	0.08272043777263216
136														9.741301949450182	0.30855914333811146	0.8002047106599253	-0.0922169472557503	0.01421153399347494	0.9956375178449144	0.31984047380714364	-0.9464890565351564	0.04313394456818609	0.9429730144355415	0.32242285613886273	0.082736907638648
137														9.729264201268611	0.25226897727557335	0.838822248461748	-0.09236001233238111	0.01420422959611592	0.99562436088293	0.319835687020108	-0.9464888896253969	0.04317308332813985	0.9429606362040452	0.3224236679855618	0.08287470598679836
138														9.742329313677327	0.3027078217490403	0.8561332027886621	-0.09241203910123957	0.014184932637819614	0.9956198083180199	0.3196192496705048	-0.9465629335012251	0.043152614771509196	0.9430289233471123	0.32220707721528297	0.08294003329617278
139														9.735627049506123	0.3386863975726757	0.7513085452400343	-0.09247849159267868	0.01413998913082129	0.9956142773685616	0.3197301077199821	-0.9465260125311646	0.043141231081440884	0.9429848285153434	0.3223174961264652	0.08301231764415812
140														9.747788575375033	0.5172870285819661	0.7393051855055425	-0.09260728707556481	0.014094710967122087	0.9956029477172401	0.31993847419750443	-0.946454818935016	0.04315841103260659	0.9429015129421934	0.32252847135941337	0.08313917280009081
141														9.669098294939655	0.5230255194854055	0.7867258410347194	-0.09267613323583279	0.014116555065718545	0.9955962320145304	0.3196862589717706	-0.946539086930662	0.043179309131833876	0.9429802914977004	0.32228012626524927	0.08320871385478101
142														9.668770136015825	0.40124298517576984	0.7626788110487034	-0.09268870555818148	0.014157855682314952	0.99559447516769	0.31930115527620007	-0.9466686381062002	0.043188677514328144	0.9431095249764119	0.3218975687212182	0.08322487098299342
143														9.719083012638688	0.30674378055143764	0.7950869219694896	-0.09269693677778285	0.014215940482271316	0.995592881125724	0.3187338083834991	-0.9468594511707521	0.043196517475053986	0.9433006081336779	0.3213332954501078	0.0832398698329539
144														9.719098953561629	0.30662305153264324	0.7949386229941816	-0.09263794269805253	0.014231944356698306	0.9955981434959085	0.3184360091429851	-0.9469610197755836	0.04316636545593297	0.9434069745628133	0.32103314281459205	0.08319255712396795
145														9.70882685176661	0.30183689346758175	0.8166493740012434	-0.09262029131203459	0.0141947340983207	0.9956003169752164	0.3181284540141761	-0.9470674934342656	0.043098139480575115	0.9435124632901378	0.32072055188904697	0.08320191832019902
146														9.710545042288604	0.3533017931969984	0.8006001521933278	-0.09254935888243132	0.014129082096695778	0.9956078471012346	0.31810164962096793	-0.94708048595191	0.04301038987863995	0.9435284609797785	0.32068508254703476	0.08315720746232169
147														9.737129136460998	0.3896536717141072	0.73836365623645	-0.09253981640954229	0.014080729557704036	0.9956094191167594	0.31781573331488944	-0.9471798405542737	0.04293610724203553	0.943625742567681	0.32039363711332236	0.08317677116172167
148														9.707691377459806	0.30578519185108244	0.7630570473860049	-0.09255978548103355	0.013971928666782485	0.995609095639968	0.31767625667309685	-0.9472315797842532	0.04282674638115991	0.9436707487560868	0.32024540507048316	0.08323700182832411
149														9.708805615308682	0.2988016698548435	0.8180169125167199	-0.09262635126677576	0.013874169110483586	0.9956042720290517	0.31791137818442294	-0.9471549874272096	0.04277599107728161	0.9435850330902271	0.32047611022236366	0.0833207543464336
150														9.681370447833432	0.38917356868124586	0.851292238634469	-0.09256988423343554	0.013802641822568518	0.9956105180298799	0.3178834473259324	-0.9471683661997816	0.04268723446906622	0.9435999843414523	0.32043965601834257	0.08329163464392292
151														9.706282557198893	0.37307890311766445	0.8049634307989805	-0.09251276126607016	0.013709972743969095	0.9956171079537992	0.3176446315985231	-0.9472542283368792	0.04255954551616378	0.9436860055227936	0.32018973054310074	0.08327820504292133
152														9.693184165442403	0.3212627992166256	0.7883815375870888	-0.0924311231013561	0.013569387450372589	0.9956266163609948	0.3174738277374255	-0.9473193410822879	0.04238436873621443	0.9437514800963065	0.3200030276976166	0.08325386525795048
153														9.760151488461695	0.37954567666738004	0.8047839871121721	-0.09238389138569442	0.013415735096239612	0.9956330823472395	0.3173857928123574	-0.9473563944889922	0.04221516719959045	0.9437857146266353	0.31989979661238543	0.08326250653233341
154														9.747023177135768	0.32737310539066994	0.788524270238438	-0.09235296014494787	0.01322736082668613	0.9956384723774117	0.31725151271731916	-0.9474103087269641	0.0420140999719264	0.9438338881556638	0.3197479379815279	0.08329974625125014
155														9.757342082974619	0.3298972540436932	0.7672815517983298	-0.0922863981214439	0.013000703459231183	0.9956476296518441	0.3175367067761844	-0.947324137320017	0.04180213751258802	0.943744489028416	0.3200124381339746	0.08329693192455045
156														9.779459401088534	0.45290228055004517	0.8038934214842492	-0.09234108907412547	0.01283581903407513	0.9956446981822022	0.31768584744671924	-0.9472796876920172	0.04167607968816098	0.9436889453631763	0.3201506442845907	0.08339507997176537
157														9.68338696254414	0.43084406814362125	0.8372278599669827	-0.0922998798413508	0.012739651842060773	0.9956497544077514	0.3175833220945259	-0.9473190672151943	0.04156222344796767	0.9437274848750974	0.32003794487759923	0.08339153512105368
