// Start Time: 1748432634.6645443
// Update Rate: 100Hz 
// Filter Profile: 46.1 human
// Option Flags: AHS Disabled ICC Disabled 
// Firmware Version: 4.0.2 
PacketCounter	SampleTimeFine	Year	Month	Day	Second	UTC_Nano	UTC_Year	UTC_Month	UTC_Day	UTC_Hour	UTC_Minute	UTC_Second	UTC_Valid	Acc_X	Acc_Y	Acc_Z	Mat[1][1]	Mat[2][1]	Mat[3][1]	Mat[1][2]	Mat[2][2]	Mat[3][2]	Mat[1][3]	Mat[2][3]	Mat[3][3]
0														9.44293291896194	2.1018922740561314	0.8573421728623215	0.15187541738550575	0.19171249950403718	0.9696288852586299	-0.8592747496016953	-0.4591852396021092	0.22537928127602563	0.4884472973524603	-0.8674071900010216	0.0949947600850129
1														9.465463817198842	2.0711672030721795	0.8623209470966056	0.15125911911094164	0.19189361887481382	0.9696893924968503	-0.8591275979455891	-0.4596583314414889	0.22497552930189824	0.488897176647631	-0.8671165189128591	0.09533358953916032
2														9.468382509775221	2.1151999713847953	0.8767221869185639	0.15072282610472348	0.19207044527831496	0.9697378891956299	-0.858857067954054	-0.46031705860902383	0.22466139494559895	0.48953770694030424	-0.8667278405613419	0.09558077149459743
3														9.449482851671677	2.185959498758992	0.8886216336153442	0.15015884762770543	0.19213062957783222	0.9698134571437671	-0.8586291814140672	-0.46093722107367785	0.22426057846417075	0.49011044602551435	-0.8663848448622018	0.09575516325384309
4														9.452671482098966	2.22983826970819	0.9012114338513045	0.14966285948176694	0.19213012655811712	0.9698902221182057	-0.8583809595512667	-0.46157818970466835	0.2238921683954297	0.4906966035867653	-0.8660436416588501	0.09583973064804474
5														9.463630463029943	2.2785802075831687	0.8907421184759666	0.14917819244935554	0.19207402495436937	0.9699759975563166	-0.8581911745154525	-0.4621230194765632	0.22349546495097483	0.49117591032269836	-0.8657654900766676	0.0958975563347485
6														9.424688820081636	2.2441336945442174	0.9240490825968077	0.1487395740868418	0.19198128615648669	0.9700617118854689	-0.8581114108349952	-0.462462816888448	0.2230985199197345	0.4914482126279831	-0.8656046030153163	0.09595480990267091
7														9.411378326655456	2.2718194862202394	0.900486135322288	0.14830567514654525	0.19184158576798588	0.97015577753748	-0.8581558966239802	-0.4625921321409781	0.2226588789398638	0.4915016620610967	-0.8655664765061599	0.09602494956984448
8														9.432806351363634	2.2176227527849357	0.8970900012640087	0.14795467036803672	0.1916915223843022	0.9702390302200148	-0.858188977832257	-0.4627100229568895	0.22228610613905053	0.4915496860374462	-0.8655367091586722	0.09604744273152027
9														9.425892839753706	2.2092264880796386	0.9200833507815926	0.1476398392764306	0.1915457183574531	0.9703157814017858	-0.8582845190940451	-0.4627020651436342	0.2219335107533802	0.49147752964091285	-0.8655732416674768	0.09608746623427133
10														9.41893621293847	2.2010257695768254	0.9429969450119331	0.14734922978037768	0.19138617490236787	0.9703914347001271	-0.8583529938812507	-0.4627349024695845	0.22159997276976107	0.4914451570401567	-0.8655909785185527	0.09609326474353663
11														9.450523652072937	2.199803394438532	0.9273944871952832	0.14710882920195356	0.19113073952189552	0.9704782495144564	-0.8583935862966916	-0.462818308324326	0.22126830881197895	0.4914462772018266	-0.8656028268724765	0.09598074147891833
12														9.41276885500423	2.1899475627892535	0.9647007426895395	0.1469028148569338	0.19087979688367068	0.9705588421774117	-0.8584580220871285	-0.46284465717735523	0.22096300060560287	0.4913953472524589	-0.8656441107429917	0.09586910990830283
13														9.398142166897989	2.1947907939882416	0.9339295250478635	0.14668206025487446	0.19060355643341137	0.9706465152022752	-0.858553139432922	-0.46282839058800856	0.2206272595025085	0.4912951047682632	-0.8657136738787536	0.09575465988708859
14														9.423460546383994	2.2122973305715075	0.9456849360586936	0.14647284845173741	0.19029792881740654	0.9707380712397344	-0.8586559121926214	-0.46280041562974583	0.22028572298174914	0.49117789966883874	-0.865795861378847	0.09561274651513985
15														9.43207885892695	2.2138088104423965	0.9217922663841028	0.14624713137378353	0.18995100209876714	0.9708400452013783	-0.8588454635045684	-0.4626350605425933	0.21989377111317876	0.49091368526713874	-0.8659604018420393	0.09547950596338195
16														9.449774642180186	2.2262819808217924	0.9559188853311537	0.1460889402780785	0.18961454117450272	0.9709296304591861	-0.8590188619898007	-0.46246840456721583	0.21956677691035736	0.49065733080651786	-0.8661231439883348	0.0953209482411212
17														9.433857309395796	2.2074138603964477	0.9189244667140993	0.14598526683705382	0.18923534297076033	0.9710192000353308	-0.8592613238795739	-0.46216723447773533	0.21925196614836806	0.4902634793162115	-0.8663668001175608	0.09513300427728527
18														9.456453574211707	2.177810801318228	0.9188137426829484	0.14591122379347382	0.1888721943755169	0.9711010292255221	-0.8594983651227894	-0.4618596025028131	0.2189709294111804	0.4898698552905082	-0.8666100632739739	0.09494484246095758
19														9.50977425315852	2.150475567256714	0.9030551371749211	0.14588619773080724	0.18847229690516643	0.9711824805930853	-0.85971691447681	-0.4615728708998589	0.21871742457274718	0.48949366111740505	-0.8668498590578144	0.09469571044839376
20														9.511788586659673	2.1721863624041267	0.9067650805779108	0.14590707543974996	0.18813962118742822	0.9712438459398702	-0.8599544705189126	-0.46121849392234093	0.21853102639795652	0.4890699683799405	-0.8671107102345459	0.09449646673492873
21														9.544625372698382	2.1783334631118585	0.9703651080145097	0.1459488020807566	0.18783555579112565	0.9712964280547061	-0.8602530765969186	-0.46074041860691695	0.21836417029233218	0.48853207814505684	-0.8674307295931829	0.09434160259774216
22														9.556227194501417	2.115902058079608	0.9065328802401367	0.14602234811348702	0.1875586262793506	0.9713388881124992	-0.8604804483427108	-0.4603693399629102	0.21825093090761793	0.4881094875858806	-0.8676876353448384	0.09416631881055831
23														9.548914054977578	2.10998968080825	0.927760528294646	0.14608574157476756	0.18731177376466995	0.971376989390671	-0.8607063019763062	-0.45999774398534765	0.21814384535590853	0.48769213428844865	-0.867938001782111	0.09402131256079199
24														9.50291979850633	2.115442355033137	0.9120449022675426	0.14619107520697827	0.18707087261744954	0.9714075654162745	-0.8608845919624031	-0.459692271569586	0.2180842378094323	0.4873457590372102	-0.868151774793636	0.09384352439622767
25														9.478629145621559	2.0943880844069387	0.8976381036414185	0.14628884436441264	0.18682557265963035	0.9714400544629227	-0.8610178093550842	-0.45947082520624616	0.21802498195771808	0.48708100557083595	-0.8683218102666159	0.09364468926431924
26														9.525105470486073	2.088047214133936	0.9103928788056967	0.14640360570041083	0.18663995004471223	0.9714584465046492	-0.8611261562909163	-0.4592733433916125	0.21801316245016628	0.4868549344410009	-0.8684661911077469	0.09348126931771666
27														9.495867627456622	2.1097506593742357	0.9302060764839254	0.14650761851729321	0.18644807021354576	0.9714796111242048	-0.8612531586957892	-0.4590481198884141	0.21798582583149323	0.48659892555668177	-0.8686264679023759	0.09332494257445811
28														9.508721508653295	2.054236242489706	0.9473443810817734	0.146604361046473	0.1863043248283699	0.9714925938330152	-0.861344091273584	-0.4588792474582739	0.21798209256774076	0.4864087969498889	-0.8687465308145828	0.09319843049852428
29														9.524070763929602	2.064254338573683	0.9011204367881205	0.14665955116947438	0.18619919140127839	0.9715044195330652	-0.8613756602563714	-0.4588243279775134	0.21797295239061926	0.4863362499019256	-0.8687980761819705	0.09309648142566085
30														9.50241772194444	2.0908602316842075	0.8990400759204162	0.14666322251983732	0.18611183778961005	0.9715206034843881	-0.8613858262405816	-0.45882429259764484	0.2179328494607929	0.48631713676563615	-0.868816811736999	0.09302144984480104
31														9.497773129152476	2.13267829257799	0.9324745257498762	0.1466233149879106	0.18596089821466355	0.9715555299812522	-0.8614053240519285	-0.4588392974110095	0.21782416497341056	0.4862946341436931	-0.8688412072908185	0.09291116895446383
32														9.497970057852953	2.1320529093336362	0.9318985776397875	0.14661924192094	0.1858709350582326	0.971573359761942	-0.8614399818746679	-0.45879916926532205	0.21777162328738614	0.48623446558867234	-0.8688816477415262	0.0928478685359529
33														9.524085077854416	2.1758135997318178	0.9500455093682101	0.1465907632652143	0.1857488647832885	0.9716010021387598	-0.8614685576323251	-0.45878686268822577	0.21768449378763022	0.4861924231579547	-0.8689142500019292	0.09276289024918127
34														9.490719243381076	2.1258340510943063	0.9535282262167415	0.14658944949957015	0.18560487951531796	0.971628716123354	-0.8615098126019975	-0.4587459041590703	0.21760753251610537	0.48611971373920204	-0.868966641544646	0.09265311541839721
35														9.551052760295507	2.1052885420349035	0.9163551938798085	0.14655550758289615	0.1855756679260676	0.9716394159722593	-0.861519833235965	-0.45874812021892514	0.2175631842400671	0.4861121888393608	-0.8689717105115655	0.0926450548729345
36														9.514213777138462	2.121308835194724	0.96041738082327	0.14647631299513092	0.1855409691982582	0.9716579843135765	-0.8615159206198431	-0.4587945733932588	0.2174807070602841	0.486142991567189	-0.8689545950012968	0.09264396135871689
37														9.545134946031999	2.1223702294653175	0.9453105740988882	0.14636055024570993	0.18556698001364846	0.9716704612472213	-0.8615821618845049	-0.45871664550743363	0.21738265215244468	0.4860604567892726	-0.8689901812235983	0.09274317917120362
38														9.501761722488409	2.175112109882394	0.9433350849737859	0.14624835946826775	0.18560302456280875	0.9716804694064701	-0.8615751063231883	-0.4587660584522057	0.2173063270510418	0.48610673058190346	-0.8689563975743346	0.09281716219324881
39														9.501804692426898	2.1744906546495923	0.9443344688493666	0.14615233592053312	0.1856614483302269	0.9716837558119897	-0.861596746398324	-0.45875269351562875	0.21724873483631196	0.48609725498175177	-0.8689509726078213	0.09291752204577852
40														9.538914084245187	2.156951326100697	0.9010524792113657	0.14606226019349894	0.18560347585195602	0.9717083749247191	-0.8616206184438948	-0.4587589690204444	0.21714077971596824	0.4860820157334833	-0.8689600440152417	0.09291240974973342
41														9.529996663196853	2.127500225495145	0.9184107123290343	0.14599267090642654	0.1856134993961761	0.9717169180803191	-0.8616457375518044	-0.45873961965661825	0.21708197602774032	0.48605839464041245	-0.8689681180568176	0.09296045826252164
42														9.520956217955082	2.0983957394529353	0.9361834517787725	0.14593458205954635	0.1856563038058492	0.9717174664563029	-0.8616881075247229	-0.45867750393884366	0.2170450476995358	0.48600072336321404	-0.868991763043576	0.0930409192390661
43														9.502792940792961	2.040861463036641	0.9709551549296632	0.1459317699171308	0.1857432693124328	0.9717012691326402	-0.8616818789928811	-0.45867033705779936	0.21708491729870016	0.486012610890039	-0.8689769616096934	0.09311703521608622
44														9.488545042525741	2.0730344163382948	0.9476276242944506	0.14595300231900876	0.1858124930789749	0.9716848452712659	-0.86163023574258	-0.4587387141377623	0.21714540981890224	0.4860977864259968	-0.8689260668014331	0.09314736960718567
45														9.488302256240708	2.073927625520784	0.9481041107384283	0.14599578013101694	0.1859118212323016	0.9716594191948252	-0.8615295991159624	-0.4588792754989728	0.21724769357723378	0.48626328468333446	-0.8688305964016387	0.09317409900475482
46														9.558820934932147	2.0895448982709164	0.9758111057631558	0.14604322487079674	0.18605035790570879	0.9716257719886273	-0.861426000231227	-0.4590143986419134	0.21737301572419987	0.48643254680887515	-0.8687295587019938	0.0932326726125084
47														9.498283832841958	2.110607318982894	1.013592986134949	0.146058295432699	0.1862053511583593	0.9715938150972795	-0.8613622398718737	-0.45908754656326967	0.2174711850186749	0.48654091920228393	-0.8686576954074084	0.09333671384448217
48														9.465609683813623	2.103884505042412	0.9492462900001443	0.14607160026414984	0.18625504201242005	0.9715822903497275	-0.8613524613458676	-0.45908856403325016	0.21750776470577832	0.486554236370095	-0.8686465044532443	0.09337143766416856
49														9.467476255884652	2.0146819495426347	0.9042515445755269	0.14613758563707396	0.18630780948186498	0.9715622502908581	-0.8613018522621786	-0.4591407164801707	0.2175980738881107	0.4866240081971984	-0.8686076229208126	0.09336954562355099
50														9.464442477909616	1.9681692917936242	0.8933637062313181	0.14618318510261996	0.18641052813071401	0.9715356871444717	-0.8612259610050337	-0.4592349151947466	0.217699648040665	0.48674461525959234	-0.8685357837579875	0.09340916361733048
51														9.485914443792705	1.94257692750726	0.8951126864284501	0.14623417353342905	0.18650407672940983	0.9715100595744268	-0.8610555230904661	-0.45949757002459696	0.217819579691302	0.4870307512328147	-0.8683767687500639	0.09339611795358044
52														9.539530840339989	1.942890821279931	0.8869350602497225	0.14626586620927418	0.1866657502215	0.9714742374743118	-0.860762031225771	-0.45997157922372034	0.2179790630003764	0.48753976451376346	-0.8680910343971315	0.09339664885413551
53														9.520189881878586	2.0186169141899812	0.8973459015566483	0.14623177808171672	0.18682543602171797	0.971448672619586	-0.8604746456533329	-0.46046070066347733	0.21808101093921917	0.48805701640979604	-0.8677973263382387	0.09342456386504372
54														9.494632311845809	2.112764496502441	0.9359575611155909	0.14619970667286508	0.18695888260914778	0.9714278264401881	-0.8601658963039407	-0.4609920983978428	0.2181763416376611	0.4886105571970462	-0.8674864041748976	0.09341874526720756
55														9.489522236561989	2.1561615152471902	0.9700269464224228	0.146162630728157	0.1870576457868765	0.9714143927960384	-0.8599226811005709	-0.4614162434607117	0.21823847689949422	0.4890495556765493	-0.8672395790225884	0.09341330028049027
56														9.464861184930964	2.136128206143311	0.9571890887152908	0.14612367564154866	0.18710557535263328	0.9714110227339217	-0.8597326053473869	-0.4617578961644745	0.2182647306193849	0.48939525817032364	-0.8670473741392212	0.09338700272887968
57														9.472475460982457	2.1413126452871776	0.9344636534823865	0.1460558306200781	0.18712113624211746	0.9714182285263839	-0.8595272225194686	-0.46214507800001436	0.21825416520270285	0.48977612037526597	-0.8668377052550378	0.0933367272746014
58														9.437345120319819	2.0864019960722	0.857634392794469	0.14604398789488132	0.18713163944185496	0.9714179857916793	-0.8593367283239448	-0.4624844226745328	0.2182854693673003	0.4901138040835601	-0.8666544341911645	0.09326602137720902
59														9.432360834582596	2.1293927664505783	0.8912799134387569	0.1460281046616096	0.18716346763171887	0.9714142417285265	-0.8592179431005256	-0.46269356448138255	0.21830985236954925	0.4903267470810049	-0.8665359206470225	0.09324794542174675
60														9.392226118686539	2.1174536391982235	0.8483197396537236	0.14608864172550623	0.1871728859422757	0.9714033248485598	-0.8590595485141665	-0.4629472362403433	0.21839539501570115	0.49058618087491324	-0.8663983882865132	0.09316132195873628
61														9.393479151799989	2.142118793843058	0.8529589883934977	0.14619388375665715	0.18714306404672393	0.9713932375363488	-0.8588771400871336	-0.4632341814462519	0.2185043509305199	0.49087412499325306	-0.866251445435461	0.0930108955611299
62														9.417867257924458	2.163967488786047	0.8642269896018969	0.14635413026135935	0.18707329188342336	0.9713825466927749	-0.8587256334111265	-0.46345355963664187	0.21863459145978198	0.4910913917776417	-0.86614916817141	0.09281628842974543
63														9.494855151928508	2.1609205351491676	0.8612081209802305	0.14653102739296098	0.18694493051130362	0.9713805901742568	-0.8586188983409728	-0.46360044892114505	0.21874233968723872	0.49122524917078303	-0.8660982719739354	0.09258260020579195
64														9.44709312307745	2.144311272768281	0.83976716277277	0.1466773082942464	0.18689568454743338	0.9713679891416542	-0.858566544205746	-0.4636457532949746	0.2188517868835858	0.49127309757624377	-0.8660846486049052	0.09245607091349195
65														9.453368063052261	2.1260918695042967	0.8099810668426632	0.14679487458775264	0.18669048310542447	0.9713896892146989	-0.8585405729543977	-0.46369107472954957	0.21885765192766277	0.4912833697428611	-0.866104641907673	0.09221388116807988
66														9.357428588031244	2.2046201688495577	0.818478493418174	0.14697104317846127	0.18642418018209816	0.9714141946206403	-0.8585574315871282	-0.4636513660674767	0.21887564371184887	0.49120123079400807	-0.8661832576234634	0.09191254038082258
67														9.399265684863286	2.240712176641324	0.8628889542518563	0.1471670208237631	0.185871783442059	0.9714903746831081	-0.8587196999593133	-0.46341162569841216	0.2187467532772568	0.4908587830360626	-0.8664302310559243	0.09141285373913527
68														9.416910585733582	2.2552202959257404	0.893614766559809	0.14737017010150627	0.18527426494474375	0.9715737129592574	-0.8589817181278935	-0.46300251019174454	0.21858427088469828	0.49033910805309505	-0.8667768584274316	0.09091444774273671
69														9.474674761306517	2.2823436063852562	0.967188525950509	0.14763536610281314	0.18467895073964374	0.9716467896460074	-0.859328971424165	-0.46241643565439783	0.2184599709506721	0.48965040339692834	-0.8672166541242081	0.0904309530129972
70														9.48805437862997	2.2260277168969393	0.9819583186353957	0.14791110745564046	0.18420415460013406	0.9716949797746698	-0.8597047101766702	-0.46174712368935433	0.2183973559012462	0.4889070623250328	-0.8676741457440449	0.09006365091449786
71														9.521612517032764	2.1197530288452384	0.9932988509803125	0.14814285936087673	0.18384384711626095	0.9717279110419114	-0.8600445628360662	-0.4611318833065905	0.2183591906337748	0.4882387153396418	-0.8680776613158585	0.08980050538770079
72														9.474030363951396	2.102362610251422	0.9716402248438621	0.1483546854904938	0.18366494239691789	0.9717294254201393	-0.860262830222285	-0.46069908334493376	0.21841295186660165	0.48778965777367744	-0.8683452905034237	0.089653255543589
73														9.484256193847838	2.1557192059716006	0.9594721377156098	0.14856511293091706	0.18361520983983953	0.9717066748434409	-0.8604913816379598	-0.4602188760252692	0.21852498318689778	0.4873222643658095	-0.868610407988248	0.08962683631519347
74														9.499117319558263	2.167066198212075	0.913779494698799	0.14878337281099174	0.18356944819914828	0.9716819261789562	-0.860675048879417	-0.4598140642255063	0.21865380531066836	0.4869311739983375	-0.8688344399413981	0.08958095646016873
75														9.546029111753397	2.2041650130376853	0.8586211228703029	0.14897604498607825	0.18359980914886848	0.9716466683423584	-0.8608816062623725	-0.45936102715122096	0.21879283976787878	0.48650693522232896	-0.8690676365019435	0.0896239095638115
76														9.562977317952422	2.2813010411965404	0.7505242245960659	0.1491565494723483	0.18368346643772143	0.9716031638003891	-0.8611077656657427	-0.4588652608339937	0.2189431166077247	0.48605116979558416	-0.8693118292978497	0.08972850039519703
77														9.574241808796137	2.358588597338903	0.7468187606932756	0.14924015749868724	0.18377029825760322	0.9715739049954353	-0.8613787603590544	-0.4583269607892797	0.21900463058109382	0.4855450613404139	-0.8695774114430379	0.08989504388986114
78														9.574475731989535	2.3405313412686377	0.8245215286402133	0.14921693064621366	0.18386295711974082	0.9715599418500684	-0.8617928814350879	-0.4575730816661514	0.21895183132906398	0.48481680779066694	-0.869954762004167	0.09017413681284503
79														9.52713886403921	2.303994683343191	0.8827263866367314	0.14921949489600184	0.1839062142823118	0.9715513608097777	-0.8623804429748905	-0.45650650346760435	0.2188647615908374	0.483770104406436	-0.8705057820831121	0.09047745267443941
80														9.436960384178857	2.2075328065451023	0.8861934022163722	0.1493370673571544	0.183824118157087	0.9715488324818955	-0.8630222514562014	-0.4553205462583655	0.21880537846783565	0.48258785086721145	-0.871144014350528	0.09064806923819807
81														9.479079233057051	2.1302013164412092	0.8845450478709613	0.14954007564604493	0.18371195268339235	0.9715388228048485	-0.863714632311025	-0.4540110818723805	0.21879435885987142	0.4812845309249059	-0.8718508220896085	0.0907818501357382
82														9.505379898004986	2.062289166580205	0.8526321926907088	0.1498920213702667	0.18367624341195793	0.9714913378592769	-0.8642948007433566	-0.45282264721602017	0.21896608773113324	0.4801321477859384	-0.8724761817805389	0.09087592028758196
83														9.519049517608043	2.0326604767831467	0.8775235505471274	0.1502616102996736	0.18373051057923862	0.9714239795024835	-0.8647734325487508	-0.4517878453728358	0.21921371565488756	0.47915379454617724	-0.8730010551286081	0.09099889513800052
84														9.496342551422314	2.06285797639058	0.8778359231064112	0.1507153375305611	0.18392516166763395	0.9713168494052724	-0.8650999672105505	-0.450961435461941	0.21962657047454615	0.4784212931772103	-0.8733872672713068	0.09114684636895254
85														9.456381918560389	2.0789645728516235	0.8423979963115406	0.15125687111178465	0.18412032405554685	0.9711956884228605	-0.8653020639576525	-0.45032407336493024	0.22013760936887633	0.4778846064188509	-0.8736749597062388	0.0912050860983234
86														9.442063688490903	2.1403417576864423	0.8250619403329393	0.15192514100238114	0.18431072950903826	0.9710552541020786	-0.8654301766473367	-0.4497689786467046	0.2207679215720878	0.47744042652415375	-0.8739207177055285	0.09117685169760886
87														9.403096990620746	2.1817781435605315	0.7939679847440401	0.1526812097815105	0.1844550568336215	0.9709092543529287	-0.8655573413020788	-0.44918784665999134	0.22145150108101996	0.47696848648284007	-0.8741891159362863	0.09107388473543421
88														9.402842918369378	2.2125131495319783	0.7986193358286606	0.1535750222397751	0.18453853530057884	0.9707524100063671	-0.8656689393409136	-0.4485895092830979	0.22222677521290596	0.4764787508425014	-0.874478691078443	0.09085713425649627
89														9.41691653468537	2.2117854648716273	0.8261466833162033	0.15449112164609563	0.18456686515804221	0.9706016513576845	-0.8657590322375116	-0.44803172202523833	0.22299971784346934	0.47601868811182046	-0.8747586229039601	0.09057350729362718
90														9.411564070502605	2.2851898391291536	0.8639764642916071	0.15551027963977743	0.184531362546976	0.9704456343159644	-0.865874303126571	-0.4473964485083068	0.2238260687391636	0.4754768597013246	-0.8750911918758584	0.0902062181329894
91														9.42448990520225	2.260940263854791	0.8842542491588723	0.156480557606609	0.18446288147692286	0.9703026746579415	-0.8660644441410577	-0.44664902453363997	0.2245818948129797	0.47481176658310087	-0.8754873467048958	0.08986485449749704
92														9.452497120689404	2.2468742114942466	0.8597771466605211	0.1573571033693606	0.1844466367497482	0.9701639965546598	-0.8662470973906615	-0.44594069116754464	0.22528396796768652	0.47418847337473036	-0.8758517786433491	0.08960442827128368
93														9.451977155536895	2.2344639161862165	0.9322198731529374	0.15820638708958012	0.1844392470075405	0.970027269331823	-0.8664059746660366	-0.44528358382988653	0.22597171733340282	0.4736152722907665	-0.8761875907218177	0.08935255854221147
94														9.425286712772289	2.2397817936868383	0.8419794574434502	0.1590563199790151	0.18442986852635135	0.9698900508150836	-0.8664876792935373	-0.44476741701738864	0.22667387673082195	0.4731809259757125	-0.8764516919688344	0.0890631401744526
95														9.446029336495696	2.219979050275525	0.8396546357904434	0.1599072465360517	0.1843290964224456	0.9697692801472647	-0.8665123857720014	-0.444376116292093	0.22734588752135237	0.47284876843338985	-0.8766713474736367	0.08866448392555765
96														9.394424059776279	2.2977384913764123	0.8626994084537771	0.16076217108008056	0.1841813714981586	0.9696559940219397	-0.8665066280021614	-0.4440491794914798	0.22800567936186822	0.47256934726867594	-0.8768680337348377	0.08820806899630412
97														9.426206990962172	2.3538063124305575	0.8546738499684199	0.16161448595822153	0.18394762530490216	0.9695586774781338	-0.8664975499827159	-0.4437485225224801	0.2286246807172569	0.47229519773380224	-0.8770692788507668	0.08767397728964543
98														9.383180189989883	2.4598426317750275	0.8607357838455031	0.16243673770417277	0.18369591019750342	0.9694689880654961	-0.8666135202276634	-0.44323166847198575	0.2291870297860622	0.4718000771541304	-0.877383325941547	0.08719625311391627
99														9.383123784863685	2.4894458132732176	0.8624538721002248	0.1633965776019421	0.183446058190389	0.9693549928495651	-0.8667532755711793	-0.44260773845576024	0.22986332710049295	0.47121154242505914	-0.8777504962080541	0.08668188214333422
100														9.400833032757392	2.601623100844351	0.837117877770738	0.16444809491033796	0.18314544308405012	0.9692340123818951	-0.867017457607251	-0.4417206712039174	0.23057228115152878	0.4703589610973936	-0.8782599816163252	0.08615017357308657
101														9.4595797944944	2.547391071086353	0.8636108697124103	0.1655450426989894	0.18288503867336536	0.969096435586899	-0.8673952680743238	-0.4405873925972999	0.23131839184679198	0.46927634476933	-0.878883275591108	0.08569655842671037
102														9.410321290043187	2.5368111788835885	0.840062679408747	0.1666708853397349	0.18263659902404356	0.9689503024804729	-0.8678447812637018	-0.4392984593206639	0.2320825268559631	0.4680451384358424	-0.8795798635345297	0.08528195618741086
103														9.422467303368943	2.4888361755483883	0.8536959333090638	0.16783561091071042	0.18238939533007464	0.968795807268672	-0.8683624113958246	-0.43785694970129707	0.23286909213784523	0.4666668299601515	-0.8803495896911665	0.08489210649723256
104														9.434152999688042	2.4844108898878	0.7989596165885524	0.16903525005250836	0.18212832185174288	0.968636339716384	-0.868929888335598	-0.4363009918537446	0.23367133684841146	0.4651751642088935	-0.8811757593618351	0.08450649511322977
105														9.402838231006381	2.5129709168802434	0.81783288960469	0.17025936681222303	0.18181792765674848	0.9684802471890204	-0.8695583608044097	-0.4346211646120567	0.234462577880581	0.46355151296037084	-0.8820695462682434	0.08410297484801715
106														9.428605591530964	2.4527720747470294	0.7799428540049453	0.17143667585236472	0.18149709964493033	0.9683327263875623	-0.870259944264153	-0.4328161381653145	0.23519740634840525	0.4617976781904005	-0.8830226460086636	0.08374909583878315
107														9.433938919726389	2.3985106321848897	0.8164801233378749	0.17257772091567475	0.18122718153501494	0.9681805817699645	-0.8709485255900175	-0.4310298978577668	0.23592772818237806	0.46007129449263245	-0.8839513198279633	0.08345338913594624
108														9.419448340491208	2.258298894551257	0.7983185905641828	0.17365052210953463	0.18096128412813517	0.9680384857110709	-0.8716344576932862	-0.42926952741963914	0.23660313816737788	0.4583654309967296	-0.8848619589945184	0.08318921319237421
109														9.432407075733543	2.2090386721521353	0.8121389748452892	0.17465729350990383	0.18063472395818791	0.967918346930331	-0.872253890379502	-0.4276743352614491	0.23720837606733336	0.45680190514228286	-0.8857007166414776	0.0828628988097449
110														9.407918054547453	2.217845694221086	0.8024144526740173	0.17566323002018874	0.18027435327981478	0.967803485821589	-0.8728518965754388	-0.4261211537183288	0.23780313075823778	0.4552713435562724	-0.8865223741696002	0.082498992922106
111														9.429332018862711	2.1970972234165758	0.7990365125904725	0.17657989511087668	0.1798900799166186	0.9677081687111171	-0.8734390022098983	-0.42463007124681645	0.23831410367726957	0.45378833178168937	-0.887315536740181	0.0821418784681433
112														9.413140075598024	2.2343408724507676	0.772475690884429	0.17751257537251175	0.17940153880669757	0.9676282206810669	-0.8740203622727576	-0.42316083576514474	0.2387955472933731	0.4523026552179588	-0.8881159805725449	0.08168422818666471
113														9.412353207728824	2.239082987630597	0.7683215695236194	0.1784057905339564	0.17892764778360265	0.967551688935832	-0.8745829147640589	-0.4217369217099951	0.23925445464897843	0.4508615076791949	-0.8888885564148096	0.08124675481543123
114														9.451260404983808	2.232331926561848	0.7996136193534303	0.17936175144963168	0.17841404856834936	0.9674697873269069	-0.875135264914289	-0.4203053360257578	0.23975339958313668	0.4494080887348569	-0.8896695182941385	0.08074972444508738
115														9.511275827780569	2.244056718841513	0.7624574144482675	0.18031303231542312	0.17787613262539564	0.9673920052488805	-0.8756237303382497	-0.41900189129543	0.24025090626131018	0.4480739818888677	-0.8903917657599297	0.08020106122221393
116														9.495647633680116	2.2133306431752304	0.7957872154052843	0.1812460388393315	0.17740850765141086	0.9673035174225051	-0.8760579681608731	-0.41779198433732884	0.24077436376267214	0.44684707655628	-0.8910533537540702	0.07969699452758289
117														9.502716095880338	2.2479394018605023	0.7751699283242467	0.18208672339052046	0.17694443680248245	0.9672306299169582	-0.876408805659975	-0.41678867457116325	0.24123599671456275	0.44581613982286433	-0.891615313368868	0.07918397842729957
118														9.443931988248595	2.3157671182071873	0.823001412368143	0.18288293496658853	0.1765024138432829	0.9671611706460825	-0.8767408375970016	-0.4158359554823592	0.24167325424585456	0.44483630223680554	-0.8921476088829514	0.07869757414760298
119														9.497965623220118	2.343997504033959	0.8150521924882739	0.18364800919859509	0.1759486507637844	0.9671170978799808	-0.8770242564784028	-0.415021106793672	0.24204531489838876	0.4439615549413005	-0.8926362939126771	0.07809343457643075
120														9.534799654081352	2.3571632684157153	0.7710794872238881	0.18432143636147907	0.1754202392433496	0.9670849744264705	-0.8773363981501258	-0.41418550934457776	0.24234522551504262	0.4430648401516479	-0.8931282682307053	0.07755929285789023
121														9.482473861744804	2.4059442544474776	0.7896673881305227	0.18490997104873308	0.1748507531940846	0.9670757554164089	-0.8776575706237766	-0.4133822403044565	0.24255373039316308	0.44218264476743924	-0.893611961372681	0.0770205891833004
122														9.441437082229335	2.396598958782858	0.7430708566305358	0.18548823943851667	0.17431780812464281	0.9670612259834528	-0.878016538696579	-0.4124958954315082	0.24276345282483508	0.44122677933833204	-0.894125515810156	0.07654078110356843
123														9.45619489485592	2.342684960022198	0.7537370128016594	0.18607277227946772	0.17377228500558495	0.9670471117686931	-0.8783039487479716	-0.4117519481838043	0.24298663909886536	0.44040787575831775	-0.8945744944557605	0.07600905761333093
124														9.47354022185688	2.358794635417599	0.7851346886628682	0.18658798238430713	0.1732701658515759	0.967037938477866	-0.8786570312058037	-0.4108966175680876	0.24315795521370048	0.4394846372085795	-0.8950650363503605	0.07557667868311724
125														9.495187561322664	2.3110041110764823	0.7738598665180313	0.18706815521738318	0.1727888365790694	0.9670312938355285	-0.8789653845689683	-0.4101426758883533	0.2433163334933896	0.4386631487064878	-0.8955037707172384	0.07515077243859108
126														9.507406353163692	2.3672767611072763	0.842725298596279	0.18749915383238092	0.1723942316112002	0.9670182501997179	-0.8792941881691285	-0.40934823153594235	0.24346612904137	0.43781936682167644	-0.8959432204361946	0.07483279889384029
127														9.507327468338792	2.368636941530128	0.8397881751364817	0.18791054266684448	0.17197146583606204	0.9670136725470059	-0.879585616821307	-0.40864543047922053	0.24359403693344656	0.4370569420976319	-0.896345205312467	0.07447484325340034
128														9.498136801663716	2.4090611927873713	0.7926975894669844	0.18832855189786918	0.17162400000664346	0.9669940843468334	-0.8799163827510222	-0.40783752250060407	0.2437533889137241	0.4362104032533012	-0.8967796595944225	0.07420731925695373
129														9.47958508040068	2.3730141218989544	0.7477675209389307	0.18871485864513615	0.17129930977603924	0.9669763433491011	-0.8802203046956852	-0.40709339979677106	0.24389993653820669	0.4354295779204499	-0.8971797536236308	0.0739565572472102
130														9.443188132703973	2.3878245691793794	0.7915999719632695	0.1891531705416553	0.17100214877207381	0.9669432988491995	-0.8805451326415645	-0.4062701138816134	0.2441001105036003	0.43458180755214365	-0.8976095251733651	0.07372782963547175
131														9.501576819246647	2.350675069796879	0.7432536500483489	0.18956046911697383	0.17074293053302775	0.9669093443654098	-0.8808369614337839	-0.40551946110104126	0.24429534183119422	0.433812258840448	-0.8979982284733723	0.07352622483463606
132														9.52299726434512	2.303269223580355	0.7341558599195027	0.18994860963571197	0.17055688947863834	0.9668660057882019	-0.8811302515493468	-0.40475539425909246	0.24450470470473856	0.4330461932658509	-0.898378215602726	0.0734001105477177
133														9.516645258275902	2.3222247450456974	0.7627469109158541	0.19032064743034732	0.1704338096030506	0.9668145466974961	-0.8813343252931443	-0.40416738097893323	0.24474177251280227	0.4324671758894215	-0.898666258795122	0.07328776897550635
134														9.4633792002479	2.346452995871609	0.7791327997138351	0.1906387911258468	0.1703195787092776	0.966771996091307	-0.881525364406826	-0.4036314786400831	0.24493807657902633	0.4319373603029593	-0.8989287349724195	0.07319321153902947
135														9.469636320905627	2.3550453396639366	0.7560201681719484	0.19094375099847471	0.17020272546847715	0.9667323912012747	-0.8816737636277924	-0.4031910953366461	0.24512918057962613	0.431499546332364	-0.8991484709903796	0.07307645743073732
136														9.410530392500792	2.3955726011148673	0.8023790927934145	0.19120535984381404	0.170070778371189	0.9667039053977264	-0.8818858031265602	-0.4026439953123452	0.24526565858826455	0.4309500442172162	-0.8994185585049549	0.07299531495958725
137														9.399358110863872	2.3894347101011646	0.7437214879899725	0.19145567262414653	0.17001240007303897	0.9666646312146944	-0.8821260882679542	-0.40202418797103656	0.24541824847249322	0.4303467088489389	-0.8997068056359439	0.07300256211430523
138														9.392374831031775	2.3839542685425683	0.7662429301277046	0.19170035717065792	0.16989589710281877	0.966636621077575	-0.8824195195541196	-0.40130964826704824	0.24553280375065012	0.4296356183680765	-0.9000477489308036	0.07298825298686112
139														9.397258367078784	2.3447080420224435	0.7297498817284386	0.19186549650121754	0.1697878613441171	0.9666228392669662	-0.8827336433280826	-0.40059038235863115	0.2455782166611979	0.42891601297814685	-0.9003884870998493	0.07301798483232447
140														9.40142817697348	2.281848518151337	0.6861411697241468	0.19204534918044952	0.16965055919830513	0.9666112308585397	-0.8830698732402309	-0.3998226327653941	0.24562056368315527	0.4281427131619098	-0.9007555440252648	0.07302922068670481
141														9.463456984836778	2.2209323661521276	0.7129685759302068	0.19222259686206772	0.16956429070323398	0.9665911361966399	-0.8833526620359333	-0.39915418096391997	0.2456908917584284	0.4274792950888177	-0.9010681944988019	0.07305861436570024
142														9.516107623202124	2.199583483712816	0.6959653552149344	0.192358558496398	0.16953285798242945	0.9665696017553513	-0.8835646473161681	-0.3986421077863561	0.2457600128432364	0.4269797407210843	-0.9013007710880767	0.0731110186619981
143														9.491635990838743	2.1795837766063375	0.6835788467500529	0.19240043644240645	0.16957473909073895	0.9665539198198303	-0.8837229680984588	-0.39827460988194885	0.24578659601091152	0.4266330832366627	-0.9014553471945732	0.07322888297857352
144														9.496506577782151	2.2035795074401263	0.7729456240523518	0.19238614544062133	0.16964858215673334	0.9665438063609482	-0.8837827846028088	-0.3981371017662539	0.24579429984617818	0.4265156042657823	-0.9015021945449593	0.07333643397668621
145														9.545745536086892	2.267758779399341	0.808554965335016	0.19220889263439273	0.16974549097149738	0.9665620569250095	-0.8838698403750697	-0.3980236956172438	0.2456648998179028	0.4264151109747507	-0.9015340293200456	0.0735292262325262
146														9.635564141078618	2.2549883156547934	0.7549784512369241	0.19184372996568705	0.16993343312238257	0.9666015785110706	-0.8839153311199937	-0.3980758834356145	0.24541654067724805	0.4264852525983575	-0.9014755788895205	0.0738384045190538
147														9.772463248855898	2.2358875589807434	0.7149591297825373	0.19129977038298385	0.17030029031704896	0.9666448204844149	-0.8836738922139373	-0.39878401603098734	0.2451362086222032	0.42722927108390957	-0.9010932913278883	0.07420262969049807
148														9.580963263375363	2.3429256211256537	0.7235294633584883	0.19071332237065564	0.17138682698447888	0.9665686650241351	-0.8831032122418911	-0.4000226203956425	0.2451746718155382	0.4286690392346987	-0.9003379691582466	0.07506261448687002
149														9.332299064696793	2.4451836615173947	0.8468680917153885	0.19030534696774065	0.17257251262639772	0.9664381008638372	-0.8823478486725629	-0.40152112889515434	0.24544461084664598	0.430402310470551	-0.8994440010009368	0.07585736750664948
150														9.268754395771229	2.5101318667196395	0.8258812764393231	0.19020477742916603	0.17348408585350056	0.9662946831058823	-0.8815496163603926	-0.4030068002759109	0.24587759724346092	0.43207917855176375	-0.8986038008415879	0.0762810105798668
151														9.283715356574838	2.621705370988362	0.8119435111103571	0.19037932341524605	0.1741466131726464	0.9661411234061252	-0.8808134258242326	-0.40427368146399334	0.24643558867040427	0.4335013519053108	-0.8979063133735313	0.07642532499258034
152														9.3523070249483	2.735021563916114	0.7858395426158471	0.19072300018423333	0.17452387428030364	0.9660052559416628	-0.8803625187952677	-0.404928699374713	0.2469708159340997	0.43426555550858104	-0.8975378352631691	0.07641506114587199
153														9.340202921170265	2.732482461624148	0.7279124462342438	0.19111258655910152	0.17481919719820582	0.9658748508733752	-0.8802144096365696	-0.404953134716478	0.24745818182360285	0.4343944892915139	-0.8974693348378389	0.07648673544407539
154														9.336752887811512	2.6665295611170303	0.708201546306713	0.1914655527261227	0.175002915226178	0.9657716716603465	-0.8803737404082297	-0.40438952620689067	0.24781280897845082	0.43391591272838104	-0.8976876354035999	0.0766413069081574
155														9.267365039403485	2.5203720847829776	0.6186532039819668	0.19183678662038378	0.17492501293240587	0.9657121140121228	-0.8807644841490743	-0.40340262189448495	0.24803275612360265	0.4329579318603376	-0.8981467388457485	0.07668027608170488
156														9.350497741861286	2.3880346010524356	0.6306246990837595	0.19215812547211453	0.17457955343307963	0.9657107405109204	-0.8812394629853295	-0.40233297790803635	0.24808301788913434	0.43184750050494913	-0.8986935820460492	0.07653484106516373
157														9.474267228303553	2.242285319135458	0.6763486587430727	0.19234840667511477	0.17419090215854588	0.9657430403863839	-0.8817114703200077	-0.4013471964067692	0.24800264321687487	0.4307980658680758	-0.8992096293643759	0.07638762270621369
158														9.528617274153234	2.126647362252947	0.710661030792304	0.1923941462689865	0.17391512303836976	0.9657836312860024	-0.8821441472697558	-0.4004891497092552	0.2478510528581105	0.42989091164985566	-0.8996454695843842	0.07636643986169284
