// Start Time: 1748432634.6645443
// Update Rate: 100Hz 
// Filter Profile: 46.1 human
// Option Flags: AHS Disabled ICC Disabled 
// Firmware Version: 4.0.2 
PacketCounter	SampleTimeFine	Year	Month	Day	Second	UTC_Nano	UTC_Year	UTC_Month	UTC_Day	UTC_Hour	UTC_Minute	UTC_Second	UTC_Valid	Acc_X	Acc_Y	Acc_Z	Mat[1][1]	Mat[2][1]	Mat[3][1]	Mat[1][2]	Mat[2][2]	Mat[3][2]	Mat[1][3]	Mat[2][3]	Mat[3][3]
0														9.467188889943383	1.465365047505482	-1.5957487489022686	0.1924845637805635	0.0710996799192658	0.9787208632810399	-0.43298624563556176	-0.8888781552248183	0.14972820794541233	0.8806092230930965	-0.45259304090927166	-0.14031014048838802
1														9.495267402036715	1.5014693635877296	-1.6641332619236522	0.19179645636645393	0.0712453333185824	0.9788453513224625	-0.4326076381786308	-0.8891043588648079	0.14947933113680248	0.880945373286436	-0.4521255815898091	-0.13970578999203676
2														9.50825319128121	1.4686968007830603	-1.646722112323276	0.19123751110145149	0.07138087645325555	0.9789448323702863	-0.4323330719025613	-0.8892682701709533	0.1492985552725004	0.881201639403274	-0.45178171072313916	-0.1392011370968531
3														9.509326490033578	1.4664015750013104	-1.6425645548814358	0.19072621155401742	0.07150435855395895	0.979035565714566	-0.4321437896883371	-0.8893863931265087	0.14914284681211795	0.8814052741276601	-0.4515295897604137	-0.13872913288396932
4														9.520604381089862	1.4842676758946378	-1.6488098594066276	0.19029331465428379	0.07165502502888643	0.9791087844494074	-0.4319336221821788	-0.8895048295760195	0.14904530918321415	0.8816018378080149	-0.4512723296957689	-0.13831660791273293
5														9.501557263206736	1.5032247752973775	-1.6256651555333625	0.1899313287361673	0.07186390002548917	0.9791637606844122	-0.43154695147400546	-0.8896990298537293	0.14900625809282558	0.8818692187836056	-0.45085609250675523	-0.1379690719383651
6														9.491939651063758	1.4822911801805585	-1.6124720798941548	0.18957890019950385	0.07196845041609798	0.9792243781400931	-0.4315263544186768	-0.8897210615759659	0.1489343413396079	0.8819551269998225	-0.4507959346897906	-0.13761605729668647
7														9.488327683749688	1.4609351637977896	-1.6541601810176347	0.18928688492237455	0.07204534944498778	0.9792752130120181	-0.43149931101893535	-0.8897458828676104	0.14886439638248267	0.8820310764290384	-0.4507346575796966	-0.13732970789288723
8														9.482706322366097	1.4600683243187464	-1.5981095143353892	0.18908744122554388	0.07206297542201431	0.9793124461294788	-0.4315308429981489	-0.8897425799776724	0.14879271795347632	0.8820584284003435	-0.45073835974765003	-0.13714175126457517
9														9.483113782478892	1.4584984597566224	-1.597124915089563	0.18890909760801894	0.07198424119455799	0.9793526544920214	-0.4316476533199484	-0.8897086813862377	0.14865653584469415	0.8820394867715994	-0.45081784712409834	-0.13700223534704653
10														9.487693856470395	1.4766489029835574	-1.5526255396296318	0.18882028155005282	0.07184983934482841	0.9793796515455491	-0.4317162064950271	-0.8897009189251788	0.1485038447759376	0.8820249533459368	-0.4508546056655238	-0.1369748379275666
11														9.465951085337972	1.4848444994398553	-1.5556317787327052	0.18883129433771684	0.07169281549889067	0.9793890353095572	-0.431635770585957	-0.8897649733862603	0.14835381250785254	0.8820619614456856	-0.4507531833950704	-0.13707028791755116
12														9.45788132198258	1.4727958040421953	-1.5246701224164594	0.18885500956229312	0.071405611583499	0.9794054441331296	-0.43185486820979346	-0.8896946171897566	0.14813797942146562	0.8819496347109218	-0.4509376085202465	-0.13718642445706059
13														9.47779539459691	1.4498998550986544	-1.5463350688901756	0.18899328268997317	0.07110601396768973	0.9794005686519153	-0.4319510890036084	-0.8896800113909458	0.1479450372266805	0.8818728909580252	-0.4510137604431087	-0.137429225728378
14														9.45691607252732	1.4079626026021717	-1.5293498681644289	0.18917578168267335	0.07076629367612136	0.9793899403731358	-0.43210067673292657	-0.8896406823763954	0.1477445817206451	0.8817604713252326	-0.45114475275703525	-0.13772030811792835
15														9.525710276623276	1.4448551317834846	-1.503505489277542	0.18942966543856588	0.07050652551778716	0.9793596028585432	-0.4320894734339614	-0.8896659980589554	0.14762485849383689	0.8817114543882232	-0.45113550265654445	-0.1380640048797368
16														9.55477826913946	1.523037315275973	-1.438717184799192	0.1897020596965624	0.0702914461113204	0.9793223377164748	-0.432059223882174	-0.8896928845664558	0.14755134092970046	0.8816677126929484	-0.45111604244961034	-0.13840650504721985
17														9.564850165575859	1.5413225750662123	-1.4523064292131318	0.1899356399486169	0.07006354994145364	0.9792933940586507	-0.4320414814077937	-0.8897182868568012	0.14745008774347534	0.8816261174785315	-0.4511013954780022	-0.13871885227873898
18														9.576179643086771	1.5094360739062243	-1.4435338100512143	0.19019190627521843	0.06974196912638464	0.9792666115669284	-0.43212277595132376	-0.889705343992339	0.14728987533295124	0.8815310234424658	-0.45117674875136093	-0.13907766209794703
19														9.56774191501885	1.4977567346329441	-1.4151625968609383	0.19044139800523985	0.06945660298532444	0.9792384052045493	-0.4321853290834836	-0.8896970278051847	0.14715651545080113	0.8814464902935464	-0.45123716493254395	-0.13941702095809283
20														9.63125352584208	1.4546222347587279	-1.433556744096657	0.1906880629550186	0.06910306602395128	0.9792154149688166	-0.43234485461920186	-0.8896494697418795	0.1469753301486112	0.881314920633234	-0.4513851872337876	-0.13976917906017217
21														9.613485991500843	1.4826904630342126	-1.3957087518681	0.19091514012319705	0.06874884488498664	0.9791961017072727	-0.4325036439356561	-0.8896038068766006	0.1467844159747175	0.8811878388028961	-0.45152924945969974	-0.14010470951485182
22														9.636291835055282	1.5297882213939493	-1.3975078063896624	0.19116422071711542	0.06839292073611516	0.9791724307346495	-0.4326498903593422	-0.8895630487984526	0.14660032259327266	0.8810620370267169	-0.45166358122565725	-0.1404624373444619
23														9.623430790061523	1.4979365704461998	-1.4134888226931233	0.19140081771440343	0.06811568532185389	0.9791455358583789	-0.43270579946400156	-0.8895577209813611	0.14646758055169168	0.8809832110139655	-0.451715966571452	-0.14078802312676253
24														9.605700894997462	1.5265184283560194	-1.3754375856702974	0.1916643881773623	0.06782757624048508	0.97911397814858	-0.4327788938178383	-0.8895431070110684	0.14634032197211633	0.8808899995858763	-0.4517880926611896	-0.14113939194696434
25														9.59729040975695	1.5150936831776283	-1.3472548044098327	0.19194554890342352	0.0675715508258348	0.9790766015870029	-0.4326448342136884	-0.8896285629804098	0.14621719241464365	0.8808946325664457	-0.4516581732332566	-0.14152576043683351
26														9.605005914118351	1.523330927034949	-1.3837996773126813	0.19231622414912858	0.06731426916915759	0.9790215825482322	-0.4326354110295759	-0.8896434311202679	0.1461545982438723	0.8808184098055016	-0.45166730524887455	-0.1419703290019712
27														9.611382556892492	1.5525103221801813	-1.3218612972079504	0.1926454584605199	0.06713917765035021	0.978968874969461	-0.432598426374729	-0.8896633315228466	0.14614293702323994	0.8807646273736505	-0.4516541678852363	-0.1423452977770973
28														9.625885326804903	1.5920231704495582	-1.2914049926372606	0.19296114791685737	0.06704839027912907	0.978912921947395	-0.43265235606846764	-0.8896250520027729	0.14621629744138623	0.8806690264696567	-0.4517430466648509	-0.1426544272251855
29														9.627696985437176	1.6027224804191122	-1.2721373582090474	0.19321152509963213	0.06709172213512643	0.9788605658568628	-0.43275415889997065	-0.8895471444021238	0.14638891980203445	0.8805641058568385	-0.4518900073103747	-0.14283653863621992
30														9.567145400269622	1.525410794022991	-1.312885223155878	0.19345789730437873	0.06719963650259328	0.9788045008194882	-0.4329884946316269	-0.8893917515123566	0.14663995314517683	0.880394800920136	-0.4521797443447698	-0.1429631886783886
31														9.632570144342415	1.4962619335584864	-1.3072717035878851	0.19371047459971336	0.06735428100391905	0.9787439158742187	-0.43298382699407356	-0.8893515054262071	0.1468976016063781	0.8803415573468748	-0.45223589046711576	-0.14311338784856908
32														9.56730723805301	1.4796416081976165	-1.2938051031414257	0.19399884042909016	0.06750719204074201	0.9786762636004528	-0.4330686292807196	-0.8892626979672421	0.14718497320358584	0.8802363388574043	-0.45238770211710666	-0.1432806851188148
33														9.632598237272841	1.4507946426230078	-1.2891125897680742	0.19436065995619123	0.0676761016467016	0.9785928055771197	-0.43284564353943067	-0.889323860988977	0.14747107901074816	0.8802661999249598	-0.4522422089340661	-0.1435562667670992
34														9.581009138505586	1.5233766341458015	-1.264559593405932	0.19463817483948176	0.06775763576745297	0.978532004428246	-0.43286338211477327	-0.8892809467329537	0.1476776564071271	0.8801961561602705	-0.4523143824520141	-0.14375822100922775
35														9.65447531973944	1.503355711544531	-1.2920194106515026	0.19495779762674958	0.0678366401372017	0.9784629003694639	-0.4328617896383662	-0.8892450228462747	0.1478984800942852	0.880126200164271	-0.452373164100198	-0.14400136175181544
36														9.64375030116619	1.484380026069733	-1.2840045824221114	0.1951290162596792	0.06780631884387839	0.9784308714152328	-0.4331390622863633	-0.8890937189569148	0.1479963230389602	0.8799518280765257	-0.4526750070814653	-0.14411841738159475
37														9.645889504089316	1.4946825182789856	-1.2630078450610494	0.19519412705120887	0.06775898309677342	0.9784211633925382	-0.43367137992032834	-0.8888217615314778	0.14807096429104313	0.8796751599327532	-0.4532158386881159	-0.1441076561446787
38														9.604115111663482	1.4452796959288625	-1.3445724450153878	0.19525268899702697	0.06768213707389753	0.9784147973945099	-0.4341334455199843	-0.8885906083374167	0.14810429519593998	0.8794342152318027	-0.4536803490296328	-0.14411662632733768
39														9.64137631710282	1.364822111649352	-1.2859335495165032	0.19529973859266508	0.06766013168823029	0.9784069289848514	-0.43442250065131005	-0.8884410849953915	0.14815373576145174	0.8792810148260335	-0.45397637060990614	-0.14411922805218585
40														9.637674203881483	1.4044212207401858	-1.3309781909528258	0.19535446957978597	0.06762664726550097	0.9783983175551908	-0.43463252918528417	-0.8883334037107418	0.14818342830995504	0.8791650560555758	-0.4541920303476449	-0.14414716015059215
41														9.614620090660203	1.3545216413275554	-1.3338009186417294	0.19537966997393913	0.06760484435011138	0.9783947922905523	-0.4346955243134567	-0.8883021865496036	0.1481857837751097	0.8791283101474578	-0.4542563267491073	-0.14416866478428875
42														9.59718512689308	1.3041177664393893	-1.3912798328192775	0.19544685512516974	0.067561082097812	0.9783843963429985	-0.4345426291491944	-0.8883825446480534	0.1481524816422431	0.8791889616423688	-0.45410566452139983	-0.14427340425661
43														9.580885269838374	1.3931319621512823	-1.3509921441147532	0.19555036389232577	0.06753790449879057	0.9783653134885208	-0.4341505051223502	-0.888580392276311	0.14811558109829523	0.8793596500201653	-0.4537218508271227	-0.14444060370416306
44														9.586642768070645	1.4714795847483537	-1.3084787094323573	0.19557826063837686	0.06746694981447907	0.9783646327665353	-0.43381755820229406	-0.8887606628346756	0.1480094942666409	0.879517748633344	-0.453379195464898	-0.14455391713314264
45														9.616665248192087	1.4693087107393268	-1.3396419174459553	0.19556924403784853	0.06738667119831579	0.9783719677767112	-0.4336620427874628	-0.8888536534583711	0.1479067793548028	0.8795964435079696	-0.4532088031785301	-0.1446093955786248
46														9.60169973375	1.4278160444263532	-1.3750383396059447	0.19555492628452403	0.06725048447209736	0.9783842001709364	-0.4335540645754298	-0.8889309712521357	0.14775859175986777	0.8796528541964601	-0.4530773672199963	-0.14467810966769706
47														9.5591359176603	1.3968552852507028	-1.358467058739684	0.19555144127148083	0.06716941846059973	0.9783904655301541	-0.4332481744876929	-0.889100963136546	0.14763297955656088	0.8798043266088933	-0.45275572505859185	-0.1447639468477585
48														9.567185787533687	1.404673371583381	-1.392044117118623	0.19557104360644395	0.06706532332932569	0.978393688302117	-0.43286644581542955	-0.8893114763405403	0.14748470475316114	0.8799878447966226	-0.45235753608815044	-0.14489324537207904
49														9.562611303514531	1.4635076802981728	-1.3398340809391156	0.19573146566480915	0.06715266243744641	0.9783556169799753	-0.432089948678697	-0.8896846397818715	0.14751107750620762	0.8803337262649583	-0.45161018773247774	-0.14512328805773944
50														9.572771554739578	1.482587631917519	-1.3519045007738388	0.19583364183562113	0.06718052577681519	0.9783332569639801	-0.4315676093668456	-0.8899403147523938	0.14749791430320883	0.8805671940691319	-0.45110199859318034	-0.14528731394879235
51														9.612927310827848	1.5007670103173445	-1.393686892885106	0.19590977913665947	0.06721148853578215	0.9783158867397741	-0.43097023557700664	-0.890235551065203	0.14746294336657723	0.8808427864751607	-0.4505144608427563	-0.14543969914103888
52														9.58979321483527	1.4498577467300728	-1.39760000360883	0.19596976717436615	0.06709391707344356	0.9783119424014852	-0.4305529251454723	-0.8904619562445582	0.14731491143055517	0.8810335004994432	-0.45008433740006637	-0.14561613998743766
53														9.557380898495843	1.4387621031323599	-1.392253279871687	0.19607541149778196	0.06700047068588075	0.978297178741637	-0.430062606973564	-0.8907182195685569	0.14719785124696133	0.8812494465751897	-0.4495909143393482	-0.14583354433885065
54														9.535148580306412	1.4478750782090641	-1.3975968280524762	0.19630293362989015	0.06690364884638109	0.9782581765665644	-0.42971257164702326	-0.8908938311756359	0.1471573557172731	0.8813695388523485	-0.44925725741966405	-0.14613573361420162
55														9.565966112003087	1.396754081098878	-1.4082999821062008	0.19653493807793015	0.06684915253149126	0.9782153182814741	-0.42936526242641065	-0.8910612039225232	0.1471577462644873	0.8814870898295697	-0.44893331539323866	-0.14642195461689206
56														9.597817833841876	1.4058691375791985	-1.4194841454442542	0.196796176324403	0.06686487428598412	0.9781617215833043	-0.42886082701726036	-0.8912955752432564	0.147209335987443	0.881674348064049	-0.4484654793164262	-0.1467278358980399
57														9.547834213180996	1.4273686157225793	-1.373024021927289	0.19702917624163302	0.06700590063263376	0.9781051645860748	-0.4280760683620004	-0.8916552848002381	0.14731507995971668	0.8820036187030498	-0.4477287821530076	-0.14699848375581698
58														9.534571180718693	1.3984037665301485	-1.3876910894867558	0.19725053492982125	0.06721556318349284	0.9780461617612051	-0.42734529789463227	-0.8919773845822121	0.14748675113794016	0.8823084624082711	-0.44705526890956393	-0.14721876138233903
59														9.52364149440726	1.3803996080392236	-1.3800258445457971	0.19747060003794986	0.06755245195362242	0.9779785418687394	-0.4264196923179202	-0.8923781682435488	0.1477411616502974	0.8827069774982763	-0.4462038447585841	-0.14741275656643543
60														9.537702086780412	1.3415747168523506	-1.446586805139539	0.19774032607630793	0.06792227174860987	0.9778984243998675	-0.42516765337326307	-0.8929335436504731	0.14799376050658855	0.8832503778478152	-0.44503511279933483	-0.14769061719478
61														9.592224369110589	1.40198079231065	-1.4566633757886869	0.19809806669088392	0.06826760584447308	0.9778019686856837	-0.4235105174194721	-0.8936871598298859	0.1481961605112774	0.8839660613442272	-0.44346679058014815	-0.14812564951458607
62														9.640222831222115	1.5935663934102446	-1.3381713373084392	0.19831700661951357	0.06859881062463918	0.9777344056881503	-0.4220200750588386	-0.89436655448136	0.1483493258241255	0.8846295389216934	-0.44204374150758563	-0.1484180226965942
63														9.646403146882703	1.7350386767734747	-1.2988352621047543	0.19849408725735496	0.06897077590237069	0.9776723016406337	-0.42089497874888826	-0.8948580300080103	0.14858170477604365	0.8851257053028356	-0.44098995249507383	-0.14859457463363202
64														9.668979688245953	1.7861532996260423	-1.2982440735335867	0.19848186174330684	0.06927270226482288	0.977653437205557	-0.42061113242444326	-0.8949544047303426	0.1488048679794628	0.8852633652419704	-0.44074698657470945	-0.14849534668054298
65														9.724608898826832	1.7374863703833874	-1.2792106116932604	0.1983511006022533	0.06961819317694157	0.9776554342244781	-0.4206435549256899	-0.8948955476658681	0.14906695967679762	0.8852772676339051	-0.44081205285992797	-0.1482190725381291
66														9.644759219742197	1.5994992573234939	-1.391118526614415	0.19809879717111833	0.07007867034753687	0.9776736912291734	-0.420805349025129	-0.894763858279328	0.1494004556516796	0.8852568693837936	-0.4410063694317934	-0.1477621647425118
67														9.603140767919243	1.634041170989977	-1.3694368438169024	0.19781327282906824	0.07081379140276886	0.9776785340999452	-0.4207458151806146	-0.894702752941634	0.14993312804934558	0.8853490092052132	-0.4410129145794106	-0.14718947337877397
68														9.520479508044973	1.679502140700092	-1.4279029389184759	0.1974792071410269	0.07178043252973032	0.9776755761768806	-0.4204791689808406	-0.8947125231320726	0.15062127805798725	0.8855502420530031	-0.4408367843731789	-0.14650494306808332
69														9.454315272103575	1.6354652817078486	-1.5258177618682491	0.19711541658590825	0.07289954338715768	0.9776661849108353	-0.420158059467873	-0.894727407017157	0.15142678823955116	0.8857836742728752	-0.4406228815056006	-0.14573523487937423
70														9.42754103710085	1.6320282995963828	-1.56553803106635	0.1968201744592165	0.07389333701707887	0.9776510592590404	-0.42007318130449056	-0.8946381178853787	0.1521879113965083	0.8858895762309025	-0.4406386419402947	-0.1450422212820962
71														9.42973315518167	1.648273492380458	-1.5379273325870524	0.196553838151303	0.0746128628045894	0.9776499933064465	-0.4202257201176252	-0.8944706782475567	0.15274995877897757	0.8858763643193189	-0.4408572631356543	-0.14445740092126025
72														9.412590916747526	1.6020810839542092	-1.5893494469713791	0.1963764853028011	0.07513123445790879	0.9776459346966824	-0.42046523262221935	-0.894284148695234	0.1531824061319828	0.8858020457055076	-0.4411475478808326	-0.14402630600923855
73														9.448256911539199	1.6035592911034664	-1.6704353600833317	0.19626288885234222	0.07545325512321271	0.9776439457955255	-0.420949865082455	-0.8940009929311964	0.15350386224814508	0.8855970243549804	-0.44166619853611844	-0.14369717994539044
74														9.43617281261617	1.6360483969556352	-1.6822177543794559	0.1964014498071625	0.07567098740485365	0.9775992901894001	-0.42115868858434646	-0.8938517235537815	0.15380004983694706	0.8854670121148261	-0.44193098778554596	-0.1436842805992829
75														9.497852493022021	1.6473686827374137	-1.720634559219978	0.19665042483212436	0.07589571564031741	0.9775318157281582	-0.4214071557192991	-0.8936726779098498	0.15415950786769203	0.8852935216762382	-0.44225443480521776	-0.14375811411256723
76														9.596601676785719	1.7494801201092696	-1.72506723515218	0.1970998918184531	0.0762146841105841	0.9774164693573963	-0.42134869299343725	-0.8936160302118472	0.15464691869268368	0.8852213912676741	-0.44231404281838405	-0.14401866534508845
77														9.53128202242329	1.7953785749361821	-1.7131437537531888	0.19759083569967484	0.07672237879585694	0.9772776157466255	-0.4212878723899992	-0.8935270089276987	0.15532550625646724	0.8851408872177421	-0.44240610405895753	-0.14423054068664876
78														9.530729761340984	1.7809241704980403	-1.8134362719469117	0.19811157880953884	0.07738189426523309	0.9771201792929649	-0.42147082856597373	-0.8932888842731231	0.15619638248688789	0.8849373667155791	-0.4427719635139547	-0.1443566601043877
79														9.5140398492544	1.749371525215782	-1.8491023593736085	0.19872306611426516	0.07810052491179578	0.9769388164069681	-0.42185917997952904	-0.8929300437258372	0.1571965943612463	0.8846151565857014	-0.4433691971938024	-0.14449837271948218
80														9.48007984872798	1.668260144987898	-1.941602962665689	0.1995017867700985	0.07886468252788462	0.9767186897593978	-0.42195153996805645	-0.8926972849497695	0.15826703814090978	0.8843958022255218	-0.44370251215548295	-0.144817629150562
81														9.374404539483056	1.6782370969733007	-1.989480921537645	0.200426860068376	0.07954201988905787	0.9764743421284049	-0.4219687227475625	-0.8925030342026197	0.15931331068654914	0.8841784156978291	-0.4439722975716918	-0.14531733620938242
82														9.368416426460005	1.758683118202609	-1.9203355116818315	0.201596057262733	0.08004150409445016	0.9761928023287303	-0.4221805771354004	-0.8922186301189634	0.16034174864414164	0.883811399556343	-0.4444539050238382	-0.14607578965495904
83														9.382395423161654	1.7373911798112895	-1.9709039485088613	0.2029557690588974	0.08032350791347709	0.9758878469794496	-0.4224856002648443	-0.8919058796387711	0.16127560086586185	0.883354330591392	-0.4450303764264459	-0.14708191827403588
84														9.36851237133095	1.7865862104129446	-1.9728535833528151	0.204598766061864	0.08050689684033491	0.9755295918049348	-0.42286482683536736	-0.8915468282476016	0.1622639555389207	0.8827936809648435	-0.4457161569909506	-0.14836584595438684
85														9.385714642033452	1.7262437705388278	-1.9836076669166693	0.20646941039574412	0.08065589548371724	0.9751230738191734	-0.4230394397519893	-0.8912759563111539	0.16329360708846227	0.882274342245742	-0.44623065361465	-0.14990059636134007
86														9.419401390445637	1.657266154185265	-1.9398181252249214	0.20850388921119783	0.0808884999417297	0.9746708053291536	-0.423009849945229	-0.8910787609844437	0.16444241719137712	0.881809954033815	-0.4465822346439734	-0.15157675503610618
87														9.413500342519587	1.749920932975774	-1.8591448225442224	0.21072774250368953	0.081393024646494	0.9741503960262988	-0.42259851358342015	-0.8910106829401656	0.16586277220517118	0.8814784823558562	-0.44662639691961314	-0.15336409853098476
88														9.46412010892015	1.7734204511991662	-1.861051761990495	0.21304919828099989	0.08196191295053817	0.9735975985679671	-0.42202774013545935	-0.8910013306879203	0.16735953892298336	0.8811938638392697	-0.4465410099171685	-0.15523691827067054
89														9.410566894300308	1.8790156108074287	-1.8082233756718196	0.21545407003421618	0.08278898666988416	0.9729982155131967	-0.42131820664890757	-0.8910072750528379	0.16910648878462584	0.8809486434814686	-0.4463765445104504	-0.1570906364461943
90														9.443178723258944	1.876882445101099	-1.768376695271964	0.21801798084739948	0.083628108200138	0.9723551303644614	-0.42088083805203225	-0.8908550702208341	0.17098702881345074	0.880526819686852	-0.4465238889249923	-0.1590249553732344
91														9.364814707054093	1.703545518936735	-1.9344937476849278	0.2207435743326322	0.08450284058619645	0.9716643166874647	-0.4205448780068272	-0.8906260473503951	0.17299494028217924	0.8800081135836627	-0.44681597298426545	-0.16106274030031792
92														9.331320151372138	1.7155146584243894	-1.705922923182915	0.223706652019747	0.08536024272509013	0.9709114083190233	-0.4199516037870701	-0.8905041161337248	0.17505161988842316	0.8795430542723781	-0.4468960148746092	-0.16336452359802428
93														9.476518268519728	1.9665250004495867	-1.7192872049995895	0.22688418911504915	0.08626889550193395	0.9700934194181938	-0.4196143365130226	-0.8902173464702865	0.17730449694279687	0.8788898527815321	-0.44729269356013274	-0.16577657544230628
94														9.510966306182333	1.7291241317714963	-1.6827712989058505	0.2300965329619984	0.08692361865106427	0.9692780148334494	-0.419418528401707	-0.8898957170701025	0.17937031742636544	0.8781478711197874	-0.44780564674967305	-0.16830454297758157
95														9.531622188678172	1.6983852847146865	-1.6613516923047222	0.2331175539689237	0.08731579671047876	0.9685206026081021	-0.4192675837826684	-0.8896129463452235	0.18111736218268712	0.8774228736593264	-0.4482909293525643	-0.1707757109182247
96														9.525635982652041	1.7353571719893446	-1.5882398241629276	0.23612422452253307	0.08755835732841608	0.967770057738708	-0.41901969237185843	-0.889405254721779	0.18270410580466112	0.8767370460966194	-0.44865557718057747	-0.17332145010510774
97														9.531728316062797	1.6709332322749444	-1.5241554569448341	0.23900712669188018	0.0876665828723382	0.9670523065677367	-0.41869506090355024	-0.8892711106116021	0.1840960016040017	0.8761107460620857	-0.4489002807741333	-0.1758365677424364
98														9.575931472868671	1.6849435196878169	-1.5013163377151624	0.24170713085775103	0.087723858978459	0.9663758003274093	-0.4184415314100062	-0.889125615514567	0.18537077608698335	0.8754909181046725	-0.44917720823943097	-0.1782006956060161
99														9.562708277150387	1.746784453084837	-1.491860972999676	0.24414139688767766	0.08788867841888345	0.9657487036136866	-0.4181829782640135	-0.888986019255058	0.18661954415142593	0.8749388407288671	-0.4494212253274522	-0.18028473925764887
100														9.586995557802636	1.7096322938557305	-1.4644655379916875	0.24619527075112752	0.08818442868781115	0.965200184001632	-0.4181623760889589	-0.8887344875529741	0.18785962274419038	0.8743729844199304	-0.4498605530283332	-0.1819268175548266
101														9.545404718126365	1.6897321271816255	-1.514190305762922	0.24784497432282404	0.08854128714911882	0.9647452042756657	-0.4183838198080906	-0.8883848397888623	0.18901681342173882	0.8738008056906963	-0.4504806509754825	-0.18313747587808338
102														9.549419605111973	1.6498517777295754	-1.557426794470697	0.24918498841285297	0.08893942061005128	0.964363324173641	-0.41850936975473335	-0.8881059799453517	0.19004650960436684	0.8733594614917631	-0.4509518243081573	-0.18408069745620415
103														9.52734479322115	1.6674024901803708	-1.622070116839802	0.25021581255006614	0.08921113903564598	0.9640712732064334	-0.41895095889157946	-0.887718800118892	0.19088065894506231	0.872852874884271	-0.4516599435276918	-0.18474618864492437
104														9.475802930564003	1.6124668692503652	-1.6747790513600838	0.2509943691967502	0.08936286573728405	0.9638548152386572	-0.4194347195186864	-0.88735814766378	0.19149421358617222	0.8723968951651575	-0.45233814343025036	-0.18524000999856338
105														9.4172363290694	1.6051626006770487	-1.6942099015511536	0.2516084772608163	0.08935377912787149	0.9636955309256454	-0.4198931069813969	-0.8870586866257715	0.19187669267337107	0.871999399586951	-0.45292691312984446	-0.1856724494443585
106														9.405700033703077	1.636384064551805	-1.7657899947807336	0.25219311871753486	0.08913387705102982	0.9635630663497724	-0.4204038558636338	-0.8867764179043327	0.19206296525814115	0.871584321133941	-0.4535225866598188	-0.1861666848361297
107														9.389574802420288	1.72610648547499	-1.7839796116045659	0.2527778828764021	0.08872726965089028	0.9634473589920843	-0.42097149053638105	-0.8865011198759529	0.19209052192718726	0.8711408302244258	-0.45414010622161505	-0.1867362252936443
108														9.38094851943669	1.7752244363695169	-1.7582556619313177	0.25336584066460954	0.08820317325463986	0.9633410356733111	-0.42158468479266	-0.8862244565889912	0.1920223062350332	0.8706733625950601	-0.4547817199177638	-0.18735389746693687
109														9.411493413365205	1.7847584986008325	-1.7737846550644856	0.2539181257082179	0.0877100990809063	0.9632406365784427	-0.42219765906709394	-0.8859446929662746	0.19196650146095692	0.8702153308894827	-0.4554217161314459	-0.18792641741063743
110														9.400069148917046	1.8236981536117067	-1.7693796426948194	0.25445499109591524	0.0872628144683757	0.9631395842334777	-0.42297931927485455	-0.8855682044246063	0.19198294397669852	0.8696787642412335	-0.4562391440059011	-0.18842688370984723
111														9.421704506281356	1.8141324924192703	-1.7727762599323214	0.2548687390797389	0.08690299323536457	0.9630627163412765	-0.4238972911115768	-0.8851143770578189	0.19205110287060642	0.8691104719356285	-0.4571874990551287	-0.18875004180011606
112														9.414840475600307	1.7840354028556475	-1.8969652879484062	0.25526996326945484	0.08664876696494411	0.9629793544182902	-0.42469710650287434	-0.884701689127207	0.19218555872789664	0.8686021031407295	-0.45803374596084334	-0.1890382870758731
113														9.418438150395671	1.7348300594007913	-1.8786237899257299	0.2556919801683798	0.08631895966532244	0.962897008241208	-0.4253983100563298	-0.8843528963451422	0.19224003882432142	0.8681347182775214	-0.4587689962587428	-0.1894020036666827
114														9.414365755382399	1.7249084957696772	-1.9055991703799244	0.25623306736752954	0.08601292533285526	0.9627805522875466	-0.4258449661988524	-0.8841206469470502	0.1923193864513639	0.867756117783405	-0.4592738380504766	-0.1899127740091731
115														9.431411891473145	1.7751191283902725	-1.8558735944040383	0.2567976286347386	0.08561211420937953	0.9626658526343266	-0.4263082642974728	-0.8838955792393608	0.19232750399459464	0.8673616556657615	-0.45978165568203666	-0.19048513689795893
116														9.403304222995676	1.8334718156678815	-1.8856490057389566	0.25740500670142014	0.08512670519981383	0.9625466776145801	-0.4268105018789381	-0.8836617239547603	0.1922882032344954	0.8669345177179713	-0.46032097679676254	-0.1911259802067306
117														9.438116731917821	1.793210954922442	-1.8798753470449348	0.2580584869796378	0.0845802820498143	0.9624198632541593	-0.42724139813320317	-0.883472544458028	0.192200548672588	0.8665279020429558	-0.4607845907549773	-0.19185139015342595
118														9.442807806888798	1.8013967808229034	-1.9200366692956035	0.2587223835089184	0.08390339458511134	0.9623008618143075	-0.42780222757132436	-0.8832386384688276	0.19202802295692264	0.8660531059678019	-0.46135640007788625	-0.19261954664752057
119														9.4645546543969	1.7995574191314105	-1.8505254269113611	0.2594171043394355	0.08324525862058216	0.962170979033007	-0.42817657657568764	-0.8830964981018515	0.1918473203153264	0.8656602019545933	-0.46174755219431274	-0.19344666653755954
120														9.47546235357089	1.8274523536001162	-1.847568407361826	0.26016236338684373	0.08257980107234622	0.9620270896039386	-0.4286130596000677	-0.8829168465813566	0.19169947095154688	0.8652204284558019	-0.4622103617160544	-0.19430695228188188
121														9.473430058290527	1.8950015570724712	-1.7799954713588002	0.2608931279097313	0.08187804748493291	0.9618891626115411	-0.42902746337493824	-0.8827572739279055	0.19150726095226528	0.8647948956137188	-0.4626397958103346	-0.19517737536156532
122														9.511311020579264	1.8639133162670747	-1.7546172000236653	0.26169127433949735	0.08120030678996765	0.9617297890321296	-0.42958007931128156	-0.8825111996550437	0.19140255469122613	0.8642792560240483	-0.46322833749742676	-0.19606344622567218
123														9.510806648669524	1.8722721320375832	-1.6866687044061626	0.26245741230338515	0.08068068872426551	0.9615647316712433	-0.43001105829581054	-0.8823016543257145	0.19140083729551796	0.8638325048702028	-0.46371803635516107	-0.19687302072296653
124														9.544423181636402	1.891628035863744	-1.6817264977209123	0.2630850215796198	0.08015026239243409	0.961437573043032	-0.4305250032536502	-0.8820639873974693	0.1913409096610608	0.8633854834278232	-0.464261841609777	-0.1975511311817852
125														9.562364718911427	1.940385446567664	-1.6327042733009183	0.263619344523154	0.07966916214238084	0.9613311946445482	-0.4310454823798515	-0.8818223969076668	0.1912826506297392	0.8629627067916112	-0.4648032755000214	-0.19812440983217433
126														9.56504050423696	1.9489960397427362	-1.6159979861352778	0.264030143170505	0.0792199027250314	0.9612555802228662	-0.43171732982584476	-0.8815054880204523	0.1912281927903598	0.8625011481878766	-0.46548069949468457	-0.19854341533411213
127														9.571555270973281	1.8980811483945592	-1.652372574920309	0.264282667958415	0.0788446229718559	0.961217039406402	-0.4324952516037721	-0.8811327041393653	0.19118842809186987	0.8620339487264829	-0.46624959316279957	-0.19876817682554676
128														9.536731117104543	1.8758913733681781	-1.6670794296748208	0.26441964224647635	0.0784472799085878	0.9612118793841395	-0.4333169482567588	-0.8807520427220494	0.1910818191100008	0.8615791752054454	-0.4670351844517513	-0.19889560411538437
129														9.504301202423656	1.9232418407679612	-1.6581500090252244	0.2644449536364665	0.07817344705034504	0.9612272253075617	-0.43404031631951956	-0.8804112497054201	0.19101056306233927	0.861207216821514	-0.4677231484205238	-0.19888988442385436
130														9.47999952275819	1.861299060851288	-1.681586383571516	0.2644116212265148	0.07788917799396378	0.9612594709607756	-0.43473724550887916	-0.8800924793020222	0.19089461816240863	0.860865855942561	-0.4683700500965491	-0.19884535258546404
131														9.543261583178817	1.8806660348277222	-1.7005069785776812	0.26435204429282066	0.0776960647746652	0.9612914845127558	-0.43517511210990634	-0.879898898506964	0.1907892822104065	0.8606628947958297	-0.4687656663246176	-0.1987916788925035
132														9.51339495541936	1.928681048322233	-1.744287179516474	0.2642232004605144	0.07758451655380375	0.9613359158637088	-0.43563733465043375	-0.8796830723303879	0.19072966448362513	0.8604686008199657	-0.46918901846322314	-0.1986339647604317
133														9.576827332190119	1.948705940638043	-1.7616483287031273	0.26400763047338666	0.07751617237336547	0.9614006522113507	-0.4362034996826517	-0.8794110389122655	0.19069014527200118	0.86024791654292	-0.46970998249966195	-0.19835839892410084
134														9.4822552672038	1.9748534087353031	-1.7298791989115887	0.2636787986405244	0.07737379548494022	0.9615023592897441	-0.43681638168311304	-0.8791400129875175	0.19053683700948776	0.860037754892634	-0.4702405058441498	-0.198012441080543
135														9.44178638082543	1.9324661359256055	-1.7834427074348898	0.26333325867727053	0.07725189073014141	0.9616068532685427	-0.43736602412114967	-0.8789008972996912	0.19037902634023565	0.859864265927401	-0.47070729557169233	-0.19765648503582134
136														9.404634049311163	1.8998066238930449	-1.815359085566024	0.263069478913211	0.07700779184692227	0.9616986270444567	-0.4380938014359659	-0.8785790562945419	0.19019112225332052	0.8595744705420914	-0.471347686782755	-0.1973906982530581
137														9.417898650670802	1.9274960810933917	-1.8014035897706429	0.26281335314747983	0.07676659754205314	0.9617879344789036	-0.43898395623285436	-0.8781658876521942	0.19004673092212526	0.8591985961217178	-0.4721562911429347	-0.19709441685806034
138														9.37599603129804	1.9454836895834897	-1.8560543615134741	0.26268955153554124	0.07658742201022162	0.9618360391999692	-0.4395203460935374	-0.8779197744066327	0.1899440314293252	0.8589622022440064	-0.4726428212674298	-0.1969586215947175
139														9.388868878204265	1.9742188462171204	-1.8431264395158653	0.26259137909518426	0.07649858890544226	0.9618699150718689	-0.44005896931941235	-0.8776514114487474	0.18993710407278744	0.8587164090352674	-0.4731553295456964	-0.1967998043090432
140														9.421650938824177	1.9246767495534303	-1.8520794920267152	0.26252183165371007	0.07649268648703753	0.9618893682847196	-0.44057396823463035	-0.8773761915522238	0.19001472840626402	0.8584735676881217	-0.47366643053029545	-0.19662971842912452
141														9.44649235596383	1.9164844354381638	-1.904507432336765	0.26249331142991367	0.076589319872153	0.961889462223222	-0.44110012749685634	-0.8770696810409977	0.19020896961210731	0.8582120594449926	-0.4742181467216997	-0.19644136617072533
142														9.404903963436963	1.947144190998441	-1.882724601195794	0.26251981253027434	0.07680646617276299	0.9618649150390721	-0.44144404178662144	-0.8768336726988928	0.19049899840277912	0.8580271009706866	-0.47461929709549594	-0.19628045451449339
143														9.379817293162393	1.8900049343907384	-1.905142309880545	0.2625332424707624	0.07712353742850153	0.9618358781893627	-0.4418383390585715	-0.8765510972455195	0.19088492883315517	0.8578200153503944	-0.4750896061714995	-0.19604766607143997
144														9.370273980112568	1.8047501646519617	-1.9712124616328954	0.2626622576393549	0.07749245046957215	0.9617710010870665	-0.4421419881224085	-0.8762953210478783	0.19135561828375874	0.8576240439440589	-0.4755012412495014	-0.19590704127014513
145														9.34151502089511	1.7394890425118912	-2.0163386648405557	0.2627691386237196	0.07790232527109053	0.9617086916027667	-0.44246306795817536	-0.8760237281795273	0.1918563555358036	0.8574256896547873	-0.4759345074522321	-0.19572309862715137
146														9.368398306791743	1.4367659317075594	-2.0196333945756386	0.26308174521974	0.0786319265413423	0.9615638384738334	-0.44224405600873884	-0.875964749263112	0.19262905537159325	0.8574428204009146	-0.4759230801051887	-0.19567583286168694
147														9.349026208210267	1.351175074064862	-1.8700227108636638	0.2635778979929853	0.0793533218024115	0.9613686816245484	-0.4414758127073981	-0.8761908155973224	0.19336173731439546	0.8576863054077182	-0.47538690030523756	-0.19591196118215032
148														9.393471630604301	1.3461257667396975	-1.7957607628108296	0.2642213518277967	0.07972338380380906	0.961161411685447	-0.4404731637857109	-0.8765997021176994	0.1937946186862938	0.8580037699351308	-0.4745704840400742	-0.1965003472136162
149														9.497370447395834	1.4864846770131988	-1.6104567061365218	0.2648477803461793	0.0795681141876936	0.9610018566320861	-0.43936148145193854	-0.877175319948736	0.19371356867599943	0.8583805344146966	-0.4735318080947123	-0.19735877193703022
150														9.579669213401344	1.5623513795864836	-1.5052178360369517	0.2652436582075751	0.07876405715933768	0.9609589091529688	-0.4386668121642936	-0.8776760555725132	0.19301857263043712	0.8586135508401201	-0.4727377336055115	-0.19824682983403552
151														9.668791124752994	1.643404302231126	-1.431753862135325	0.2652051427004086	0.07759298735304096	0.9610648056186886	-0.4383454739447381	-0.8780915955893643	0.1918551412589404	0.8587895421798171	-0.47215937782591577	-0.19886187209624995
152														9.704163690786675	1.71076785020703	-1.4226134629034468	0.2646660963607458	0.07644603949127893	0.9613052899486522	-0.43824395565012597	-0.8784344222636763	0.19051299461824542	0.8590076209052483	-0.47170856344609535	-0.19898979470899036
153														9.708076550395333	1.7571599411768182	-1.4747938446030733	0.263527352405196	0.07556686140124783	0.9616875708837422	-0.43833135099953136	-0.8786834366276886	0.1891587823154959	0.8593130752323241	-0.4713863252727216	-0.1984337952079902
154														9.667150693361176	1.8140445222920265	-1.5982558962048288	0.2618278157400594	0.07510246892522451	0.9621880346720828	-0.4385738278547109	-0.8788241667824126	0.18793903639229592	0.8597087834991892	-0.471198156873023	-0.19716263473034157
155														9.573677309240633	1.8714823735532429	-1.706518114621343	0.25965269325786955	0.07500850114990498	0.9627846091619765	-0.43897864802473063	-0.8788526982527427	0.1868573823862832	0.8601617437798048	-0.4711599086606571	-0.19526933965312376
156														9.475713776744422	1.9204269075815568	-1.7769333272093175	0.2571044837705989	0.07529102443945562	0.9634461822353712	-0.4395585911273649	-0.8787505152278505	0.18597251666016218	0.860630890330565	-0.4713054143818481	-0.19283588095366122
157														9.478717002849638	1.7642755524654228	-1.9282816233209605	0.2543493088136331	0.0758558677499497	0.9641329350426372	-0.440356308926906	-0.8784954511188141	0.1852891350074896	0.8610416658294181	-0.47169018401007085	-0.19004110085517573
