// Start Time: 1748432634.6645443
// Update Rate: 100Hz 
// Filter Profile: 46.1 human
// Option Flags: AHS Disabled ICC Disabled 
// Firmware Version: 4.0.2 
PacketCounter	SampleTimeFine	Year	Month	Day	Second	UTC_Nano	UTC_Year	UTC_Month	UTC_Day	UTC_Hour	UTC_Minute	UTC_Second	UTC_Valid	Acc_X	Acc_Y	Acc_Z	Mat[1][1]	Mat[2][1]	Mat[3][1]	Mat[1][2]	Mat[2][2]	Mat[3][2]	Mat[1][3]	Mat[2][3]	Mat[3][3]
0														9.694521241074645	0.55763726529305	-1.8128562765955523	0.13933804392007848	0.1356721098178233	0.9809067173457972	0.44993322172930705	-0.8910888474907792	0.0593360081387512	0.8821252776679814	0.43307475624323366	-0.18520596643750792
1														9.598958845711	0.62893726373274	-1.7859137038859711	0.1392444735367776	0.1353371688506936	0.9809662722626831	0.45100081102179335	-0.8905812733510978	0.05884950309069864	0.8815947170027452	0.4342221162997301	-0.18504569346254296
2														9.58561354324285	0.664311516727604	-1.7404089421872202	0.1390305002857875	0.13500440516298756	0.9810424713420273	0.45203486229213247	-0.8900847404855022	0.058426347031026504	0.8810987477364937	0.4353423541782318	-0.18477562446312695
3														9.581664316837426	0.6088801673781227	-1.787779926918784	0.13852900399387763	0.1345660527574036	0.9811736301479753	0.4533929492183122	-0.889423616649589	0.05796950702814102	0.8804797264284879	0.43682674779740355	-0.18422226726744634
4														9.610392856824593	0.6916333652374158	-1.7680695678843117	0.13799462174246596	0.13416341031911638	0.9813040628172792	0.45470995939752146	-0.8887769858607085	0.057570150504048206	0.8798842748878165	0.43826435941780484	-0.18365188283609585
5														9.544015216791188	0.5768209480460896	-1.7109202611547931	0.13741555085235557	0.13369885807673346	0.9814487157936069	0.45609808879690383	-0.8880943755027066	0.05712191870261521	0.8792562196423488	0.43978744360137667	-0.18301777146170983
6														9.575671603973161	0.6582563917265247	-1.7702986685635638	0.1366476853022916	0.13320796271304128	0.9816226610930322	0.45770563826644983	-0.8872945121204939	0.056692128730145896	0.8785402431309716	0.44154737846656344	-0.18221677685843757
7														9.509419785922866	0.8051202019901279	-1.7825079052525032	0.13593875037097625	0.13273224431612493	0.981785520094069	0.459022710106437	-0.8866380824756628	0.05631218616269157	0.8779628737902982	0.44300684195922335	-0.18145558746755774
8														9.573944073175573	0.7536847626431895	-1.7653158139470877	0.1352605558755023	0.13240632788729528	0.9819231876066741	0.4600637021644632	-0.886111036565557	0.056112572810750244	0.877522633312086	0.4441573991414707	-0.18077121677110558
9														9.676064039704302	0.5777045317938952	-1.773401799759873	0.13445899799857597	0.13205819379520053	0.9820801450537368	0.460961998472338	-0.8856524365584881	0.05598033210335651	0.8771743349081799	0.4451745669617292	-0.17995774812113452
10														9.718692573375355	0.48370354997314824	-1.7758049542822514	0.13335711703880831	0.13180299510042606	0.982264653653818	0.4622024249556147	-0.8850043818609952	0.05600145044539093	0.8766896815294722	0.4465369128855925	-0.17894129688352484
11														9.755622777990702	0.32747450475126727	-1.8018018209553828	0.13172702379048518	0.13135115430401176	0.982545095894486	0.4640815647384753	-0.8840229282045237	0.05596216291913672	0.8759430874624158	0.44860933636261224	-0.17740735851454226
12														9.840117678433764	0.26999375450302093	-1.7989536332951857	0.129303256535031	0.1305744552493378	0.9829704875965377	0.46686702250953777	-0.8825638326749947	0.05582351249341985	0.8748233256735414	0.4516983428023208	-0.17507928480297813
13														9.815231658795534	0.3263093205257154	-1.7216457472199411	0.12607175910608648	0.12939855187667162	0.9835455893491247	0.47029804939940645	-0.8807549554574785	0.05559184443970627	0.8734561559042391	0.4555510105458173	-0.17189421311863384
14														9.758286625343569	0.5492513928697117	-1.6226535725832636	0.12227352852709406	0.12793555002078147	0.9842162766701303	0.4742345863641152	-0.8786601447504947	0.05529834647705986	0.8718662404965518	0.4599878749140248	-0.1681083389201411
15														9.711446955848123	0.7141086405245568	-1.518401547353807	0.1180975111019491	0.12631960065339798	0.9849346863433593	0.4780804468508505	-0.8765860356635022	0.05509998565006036	0.8703402002725237	0.46437084379891014	-0.16391356020498127
16														9.674295670319367	0.8216384382915327	-1.4099679538845227	0.11379392914657283	0.12461806479543805	0.985657790318742	0.4813783541389536	-0.8747840384564198	0.055025141784002224	0.8690948290352771	0.46821279776242486	-0.1595335518178722
17														9.544108662149474	1.0021046704046743	-1.3627670732548653	0.1097434681784335	0.12291881203822913	0.9863302372123045	0.4837754463948372	-0.8734606377429832	0.05502573742439168	0.8682843362963807	0.4711236355360795	-0.15532170286737856
18														9.440990161073016	0.9746998938678578	-1.3246901208665565	0.10646954773554446	0.12147210266093314	0.9868681592189106	0.48526204052167066	-0.8726335809282519	0.05505801908061339	0.8678623090293378	0.47302765427770543	-0.15185470310398191
19														9.502387268434834	0.8191764503302751	-1.3797257345556424	0.10390287960610789	0.1203262736655244	0.9872820161814602	0.48614515992205054	-0.8721373363757126	0.055130300052167264	0.867679131415481	0.4742341767157313	-0.1491136162153881
20														9.524106528999376	0.8121940776000265	-1.3844184624088132	0.1020701791511694	0.11939975378382167	0.9875856303756203	0.4863022686006236	-0.8720472213488881	0.05517016668064953	0.8678086091310315	0.4746339036921472	-0.14707438724678884
21														9.523490660434282	0.5957660526675995	-1.4307635202875655	0.10075860641408113	0.11860602721060204	0.9878159310027403	0.48628143622604375	-0.8720628769340482	0.0551062923398738	0.8679735410802734	0.47480411643416637	-0.14554374944236576
22														9.617217687224157	0.45717187415657684	-1.4647251929211225	0.100011683452778	0.11806414281201255	0.9879567406293691	0.4862375143121224	-0.8720943315797522	0.05499596805252435	0.8680845251751182	0.4748813904634823	-0.14462683756122052
23														9.651693802426413	0.3346460783095122	-1.3966554382343257	0.09947559165117226	0.11764157866029717	0.98806126613483	0.48650541384840956	-0.8719548950571407	0.05483742592499635	0.8679960189781046	0.4752421697999924	-0.14397149399085296
24														9.629399313686722	0.42005196649171544	-1.4113124041249587	0.09897942704574825	0.11731460406394145	0.9881499667029374	0.48705122437716775	-0.8716588697591339	0.05469844241778138	0.8677466092439645	0.4758656306601163	-0.14341451705476893
25														9.645713191191062	0.424242857385333	-1.3754871409096083	0.0985794318706899	0.11703647792760771	0.9882229295287337	0.48773406204450187	-0.8712872756711052	0.054534099196682256	0.8674085429217433	0.476614043108178	-0.14297368141883254
26														9.672289421575757	0.3693840110008062	-1.3358516447131197	0.09808298498584361	0.11669068422653528	0.9883132156715352	0.48858873395374747	-0.8708210866893062	0.05432940300363007	0.8669837236706014	0.4775499127756173	-0.14242648524154272
27														9.748645128761996	0.314511922858879	-1.261752243393449	0.09751568564713547	0.11618999028213028	0.9884283369121951	0.4896683734256325	-0.8702357621226167	0.053987057611654926	0.8664384427756335	0.47873751104452567	-0.14175620056783517
28														9.757905712671793	0.38407691137830374	-1.2495065183533771	0.09684638544781576	0.11542820891343983	0.9885833835406742	0.4908388999738523	-0.8696091598533751	0.05345169194296148	0.8658509986701818	0.48005857734878765	-0.14087515897313618
29														9.756134330138552	0.39251839766996804	-1.1805855895156359	0.0960103072535477	0.11431561721577141	0.9887941952507899	0.4919711345637646	-0.8690151319631423	0.05269822743816974	0.8653013484660255	0.48139862907953956	-0.13967439372776363
30														9.808565403825332	0.5265517970156364	-1.1561849581326549	0.09508800474595785	0.11283380027206025	0.9890534893875045	0.49282598473093875	-0.8685899901176148	0.05171051964023435	0.8649166550179352	0.4825142097220012	-0.13819991783260738
31														9.840004894978259	0.4494003871452644	-1.1628549771269714	0.0940715933008694	0.11100411552232428	0.9893576813624799	0.4933045634794875	-0.8683879831905662	0.050526411910338964	0.8647549612370825	0.4833015590574144	-0.13644947793423184
32														9.834595954490979	0.3654150886529004	-1.1464332924591296	0.0927852846205709	0.10880404759953474	0.9897234816775026	0.4935000625692705	-0.8683532719972641	0.04919637441693886	0.8647823883509688	0.483863900531548	-0.13426520979163048
33														9.854162776395418	0.3109643322450437	-1.1633329843123008	0.09138454332142532	0.10616165153684046	0.9901406814109326	0.49351697758652124	-0.8684346257334423	0.04756357494009522	0.8649218797531952	0.48430466090074686	-0.13175407907921843
34														9.796844073970341	0.21257407880453952	-1.1515368198236953	0.08974424910723716	0.10322510076412564	0.9906011045443138	0.4937380995103937	-0.8684057804136804	0.04576122415289405	0.8649674322447308	0.4849907000307768	-0.12890058975665825
35														9.79040107160317	0.1534856782165045	-1.2457809748092976	0.08790653599490506	0.1000327938687027	0.9910932756709624	0.4941022668008874	-0.8682990848122258	0.04381380212302502	0.8649482012650244	0.485849914546738	-0.125755594958341
36														9.708317624323003	0.3383683648955127	-1.1457573108979444	0.08604705508658128	0.09672776685344325	0.9915844106431246	0.49474083748097936	-0.8680374262328525	0.041743626910754617	0.8647701475187184	0.4869853855903594	-0.12254724061301003
37														9.700577640965061	0.45526333423014975	-1.1685192436880223	0.08417331619509433	0.09348136535020207	0.9920564939422467	0.4951017213431313	-0.8679240340111856	0.03977633352659371	0.8647480201560389	0.4878207719214225	-0.11933882904653642
38														9.579927434558414	0.4509459466677774	-1.1002784734531554	0.08255961589349814	0.09041605738531783	0.9924761188010588	0.49505279620653725	-0.868035977471229	0.03789816332828527	0.8649315804106167	0.4881992199732233	-0.11642543891233414
39														9.645474736576677	0.3841268793265522	-1.0561585870616443	0.08119186163679876	0.08742634107458863	0.9928567452005653	0.4945669129130205	-0.868392721385576	0.036022910713013306	0.8653389221892399	0.48810932825634734	-0.11374459729368092
40														9.695796938582637	0.3126395095104654	-1.0447060808821633	0.07996155041762748	0.08458505693199442	0.9932026573658671	0.49405997666788165	-0.868754504369579	0.03421038720182393	0.8657429698875648	0.4879661661236133	-0.11125704835596173
41														9.711712295796662	0.24640049312509277	-1.0386698841909077	0.07884572496127035	0.08190159400373459	0.9935167238426235	0.4934556018870056	-0.8691639598448998	0.03248968871914773	0.8661898871619695	0.4876947198877404	-0.10894466288879756
42														9.692232905617333	0.2078014665054744	-1.0023259894211949	0.07781881161101784	0.07919710407362804	0.993816910333991	0.4928161375847222	-0.869591418180981	0.03070863009101099	0.8666466910428524	0.48737930211729474	-0.10670018168744416
43														9.737167703587373	0.2813584720755413	-0.9368224636393879	0.0769178701485122	0.076384497561159	0.9941071621229501	0.491952225377924	-0.8701458679353145	0.028795424303286965	0.8672177634236539	0.48683834796308656	-0.10450729043969975
44														9.781742065844531	0.2761106250200731	-0.9554774018302334	0.07602674723815539	0.07348422682786948	0.9943942890583672	0.49120093454377767	-0.8706344118760371	0.026783628592600056	0.8677220612659937	0.48641113192933516	-0.102287023260616
45														9.720622553717224	0.2763935210344189	-0.9643360720764776	0.07506337455954226	0.07066014407335594	0.9946721237871635	0.4903436368306111	-0.8711738943591515	0.024882998349067903	0.8682906239384734	0.485863344806585	-0.10004100436268037
46														9.664047242057876	0.36423745974602467	-0.9120883319575775	0.07422845366576786	0.06799118672394364	0.9949207682997978	0.48927900381589184	-0.8718220008566138	0.02307499181581596	0.8689627109901314	0.4850810214286283	-0.0979806591039335
47														9.761091877923091	0.4466772195815701	-0.9691632856347705	0.0736274206893674	0.06556826194524737	0.9951280349523424	0.48774649030717465	-0.8727225950688389	0.021415724347894072	0.8698749129131522	0.4837934219083505	-0.09623700329158574
48														9.634485387484533	0.33951361756866094	-0.8816109672068632	0.07318291341708016	0.06356767499461327	0.9952906167946961	0.48617649971826515	-0.8736306071519437	0.020049273528514294	0.8707908315465219	0.48241964402696613	-0.09483994280582125
49														9.664430330247761	0.08351188820424771	-0.9633789781157762	0.07299440990076345	0.0620647962025529	0.9953993054023976	0.484419625019459	-0.8746291787600156	0.019011221885725488	0.8717852046342877	0.48080324534461816	-0.09390844608892651
50														9.746353064579173	0.16929102926368247	-0.9276736804452863	0.0728040591614294	0.060952423476136386	0.995481979265323	0.4836290014973711	-0.8750836321977083	0.018210589510552017	0.8722399657664598	0.48011815080462406	-0.09318800023432927
51														9.744073680882067	0.13245363881064404	-0.9344520550478184	0.07255809834124533	0.06022727781570139	0.9955440710345338	0.4831627791377826	-0.8753507649828236	0.017741676917370608	0.8725187970588124	0.4797225377766781	-0.09261336581804563
52														9.87705688378625	0.07760232719773741	-0.9234425978506693	0.07212399009391751	0.05968039396586183	0.9956085478886831	0.48318257114356883	-0.8753453321644902	0.01746861187755408	0.8725438286963141	0.4798007920313576	-0.09196992426907485
53														9.791926168828542	0.1501180155780652	-0.8489655929278073	0.07143705184626092	0.05911114835028741	0.9956920305818586	0.48355724648614806	-0.875142526992773	0.0172611360992872	0.8723927653266326	0.480241011981915	-0.0911012262065497
54														9.72343750743768	0.10540418956842469	-0.8989493326625757	0.0707717925585799	0.058635704814398504	0.9957676473449838	0.4841970663167531	-0.8747918770537189	0.017098912570127356	0.8720920561203932	0.480937652884186	-0.09030182550732341
55														9.760973664763576	0.13080947302231558	-0.8730134162923976	0.07020180250371955	0.05808908117670125	0.9958400301119028	0.48495240253801924	-0.8743788343955899	0.016817289722561773	0.8717183456815807	0.48175441109454953	-0.08955340972353898
56														9.76259255866994	0.28285389041312653	-0.8294074739080439	0.06964951499344108	0.05744097973172968	0.9959164015662347	0.48553875755244125	-0.8740602366141765	0.016456539259565806	0.8714362053389855	0.48240982226466844	-0.08876769348676872
57														9.773707838617035	0.27472674562161065	-0.902466984034382	0.06937681415828073	0.05669728450322861	0.9959780497517039	0.48568224805341353	-0.8739904170852804	0.015921833087943288	0.8713779958106758	0.48262425216006066	-0.08817153533829575
58														9.652093843255773	0.14067028114714394	-0.9197893136655735	0.06921799739716028	0.055880436763019375	0.9960352632429749	0.4857152571929455	-0.8739835487438374	0.01527892192271163	0.8713722268734062	0.4827319476814267	-0.08763737171651576
59														9.755088367385891	0.27306694322323716	-0.8652322224066271	0.06926604224248123	0.05493893012126139	0.9960842983147533	0.48552111875572057	-0.874105527549345	0.014448873654209049	0.8714765967220559	0.4826191465998971	-0.08721984121133636
60														9.798837041355728	0.2554747540041612	-0.8028361349503844	0.06938877908302477	0.053910300724673926	0.9961319575302976	0.4851696812161207	-0.8743154735529477	0.013521580326749522	0.8716625366310147	0.4823547783340185	-0.08682332666009085
61														9.699736449932631	0.14115289811533244	-0.8355653590283265	0.06946893779597907	0.052985409642649306	0.9961759950161918	0.4846188799269242	-0.874632839142833	0.012725482753968426	0.8719625037235675	0.48188166914497665	-0.08643754417022398
62														9.866032487858897	0.0765806313347119	-0.8214530430265627	0.06950595913391644	0.052154667173895386	0.9962172515756065	0.48439071585509297	-0.8747694658845655	0.012000664540906952	0.8720863237307794	0.48172426993874096	-0.08606492731491777
63														9.857037237278904	0.17524736498208407	-0.8836634216849149	0.06939573341678673	0.05132266132681121	0.9962681449378376	0.48414313472597037	-0.8749152251541473	0.011347858440210995	0.8722325706377042	0.4815488897586636	-0.08556289786432686
64														9.803955020321077	0.1850523422268308	-0.8559185962692758	0.06908398056645265	0.05054402763260388	0.9963296165927062	0.4842220044627762	-0.8748784183927314	0.010807563309299578	0.8722135369410093	0.4816980945585191	-0.0849146140281336
65														9.807637132503332	0.23567236035837516	-0.9338849777475698	0.06872973019167439	0.04984414198404244	0.9963893745407236	0.48398846690586617	-0.8750127236318764	0.010387366578451657	0.872371129789317	0.48152704492292064	-0.084263378272596
66														9.81292208255565	0.24192642688662241	-0.9497125625743745	0.0683759335987239	0.04926253118500895	0.9964426399576395	0.4838092986958022	-0.875115565057882	0.010065301232500073	0.8724983061301496	0.48139999045977444	-0.08367051443220674
67														9.773655609808886	0.18180982772960969	-0.9754307658480214	0.06802137908680617	0.04864115138354297	0.9964974311954917	0.4832747058975365	-0.8754145569734144	0.009742283032815408	0.8728222331189668	0.4809193194613054	-0.08305394356739632
68														9.805053860474	0.06529166629808318	-1.0628507396117854	0.06774260833690215	0.04794319284798185	0.9965502442301918	0.4826946090274473	-0.8757391579425684	0.009318887373574475	0.8731648489440887	0.4803981447774157	-0.08246677550907605
69														9.746041666149411	0.21309935605462893	-1.0890645412031768	0.0676744484704736	0.04723418244208252	0.9965887321424245	0.4817415848330807	-0.8762689555378511	0.008818333352459962	0.8736962941816389	0.4795014594030257	-0.08205568818576581
70														9.708117850538544	-0.047719083836837956	-1.224610125179773	0.06771556976593596	0.04658292999801636	0.9966165923985386	0.48096785854002144	-0.876698955039911	0.008298269901281602	0.8741192828571516	0.47877862615694167	-0.08177106133939399
71														9.692966184589846	0.043641123657630426	-1.1333054287582478	0.06791523698906732	0.045993489858969505	0.996630382576867	0.48024973111613806	-0.8770975565204608	0.007750619892291477	0.8744985513696386	0.47810508806791685	-0.08165664955148177
72														9.653030188946982	-0.01794212830771204	-1.1651671249180753	0.06826559765712581	0.0455711448736392	0.9966258470115157	0.4797012506879722	-0.8774018344129045	0.007261615334424015	0.8747722665156403	0.47758694676862323	-0.08175689580282297
73														9.677502423174257	-0.022036530343464703	-1.2155066077381922	0.06872127628588703	0.04519304231390095	0.9966117474282817	0.47947078789768205	-0.8775320239677468	0.006731304765531854	0.8748629319718692	0.47738363591296723	-0.08197386427454051
74														9.653238166600756	0.2513036801208389	-1.1106520694688913	0.06933522682005716	0.045019020812204824	0.9965770989175508	0.47900259126509254	-0.8777906836718946	0.0063271810591203625	0.8750709364863732	0.4769243162430895	-0.08242604377818702
75														9.67727498069272	0.2485269774637752	-1.1650753515849617	0.0701781824056884	0.04501874670385725	0.9965181057860654	0.4780871722388384	-0.878291833542596	0.00600923231836295	0.875504242396863	0.47600080627830743	-0.0831598098091626
76														9.584595972332892	0.35821813912934636	-1.1473846206086344	0.07134184750307637	0.04520979391532626	0.9964268238706652	0.4766561905104965	-0.8790709444886883	0.005757656101831626	0.8761901716196486	0.4745422521650726	-0.08426407340754138
77														9.558070282344142	0.5804669514252498	-1.0996116054824658	0.07294100198707143	0.045678560471392654	0.9962896563461773	0.47405325664309605	-0.8804779673578098	0.005662054709660441	0.8774697260277403	0.47188136020690796	-0.0858770155168509
78														9.516859079529123	0.7006958560205854	-1.0742364460224143	0.07499918923548404	0.046464051288764685	0.9961005037403884	0.47037975998517506	-0.8824453872579667	0.0057462947563271805	0.879271290905321	0.4681145484226831	-0.08803843788208826
79														9.459833985494438	0.8420580763503995	-1.0477425945092151	0.07747773652667234	0.04768145510645175	0.9958532417889876	0.46518551186065926	-0.8851915648178688	0.006191375471581828	0.8818161032197365	0.46277680626218193	-0.0907633609345474
80														9.521365946086881	0.7822398536832925	-0.9797019679473005	0.08058052970253232	0.04932221653789021	0.9955270449307987	0.4583469236839835	-0.8887463324401399	0.0069321081662492845	0.8851129169672578	0.4557381655402469	-0.0942223364586266
81														9.572642215495382	0.6306339935831916	-0.9605984121409504	0.0840189332543832	0.05130619609701931	0.9951424486458459	0.4502443746914892	-0.892869356921062	0.008019634034007517	0.8889436550836424	0.4473834884228784	-0.09811825708353611
82														9.668356624491883	0.3469046199387667	-0.917309489164614	0.08755915038343914	0.05347526392564489	0.9947229721546667	0.44167465633638386	-0.8971265580307843	0.00935076606358301	0.8928924308864246	0.43852518174435695	-0.1021703080244512
83														9.74010299954778	0.06857121244009304	-0.9638274996891988	0.09081747242800742	0.05554081510439257	0.9943175572015853	0.43354733901052506	-0.9010668682037866	0.010733306215382987	0.8965427438436392	0.43010895931491594	-0.10591218805387348
84														9.72190203293266	-0.019860404122258146	-1.0221966513709888	0.0936668462549552	0.05742622554464308	0.9939460501115472	0.4260460689912705	-0.9046203360172198	0.012115888790252605	0.8998395795972393	0.4223319503468664	-0.10919915158313204
85														9.798018598033318	-0.0658593768207335	-1.0671588663144531	0.09607414892870864	0.059148727994195544	0.9936152101715702	0.41930934863776326	-0.9077431372964884	0.013493214446675394	0.9027454946177241	0.41533579747933835	-0.11201226396963432
86														9.780552667713682	-0.15403842102018273	-1.1190008566109808	0.09803105053076983	0.06068592377692217	0.9933313303159097	0.41345936133429306	-0.9104020301603342	0.014815532558107247	0.9052299540210056	0.4092497552049157	-0.114338830708751
87														9.78183267852744	-0.1100581821726463	-1.12469487983068	0.09943493545911208	0.06194508875225899	0.9931140415831998	0.4083788460052902	-0.9126716132653797	0.016038842693831934	0.9073805220223929	0.40397194496529676	-0.11604850682074963
88														9.74983407441573	-0.062080873948603774	-1.1274410895163804	0.10040341820548992	0.06287968317902856	0.9929578536151263	0.4041310238832492	-0.9145421866346245	0.01705005573704907	0.9091739487841314	0.3995731901778006	-0.11723479237583445
89														9.801652257356746	-0.06502051779650553	-1.1622241477569433	0.10096767185317962	0.0635144267168028	0.9928602352997048	0.40062351225420917	-0.9160686564823348	0.017861076108464463	0.9106625778353094	0.395959763371844	-0.11793869221278946
90														9.748023426822094	-0.04407791708418218	-1.1438192937080458	0.10132025995968236	0.06404564974986218	0.9927901891486544	0.39801237750231055	-0.9171924957364559	0.01854920806099572	0.9117677074105341	0.39326337296123803	-0.11842114342671045
91														9.702025610498621	0.017026175517003455	-1.1282784114241513	0.10143864995153934	0.06449753006340378	0.9927488448302165	0.39630357942957173	-0.9179199647577474	0.019141871132283106	0.912498588068671	0.39148819511558214	-0.11867316401708389
92														9.72448848362708	0.02767785926931065	-1.1804503174740297	0.10152811566785558	0.06495725344417738	0.9927097244179303	0.3953718457004677	-0.9183108778491682	0.01965286878028938	0.912892734857902	0.39049415725318937	-0.11891664221117781
93														9.73508600684938	0.10499448991813014	-1.17127642987367	0.10148517960786918	0.06544234709836172	0.9926822540602885	0.395231038309284	-0.9183610014858433	0.02013696369573595	0.9129584791637148	0.39029523460602955	-0.11906487797373544
94														9.776101219885195	0.14623960110995257	-1.174581750649908	0.10135840372844596	0.06596657140025866	0.9926605086590866	0.39579787274026945	-0.9181066184499841	0.020598084683133788	0.9127269678977933	0.3908051286971944	-0.1191672499308033
95														9.741079066112546	0.2772158142720005	-1.1441797256134338	0.10111061653714476	0.06654395976874133	0.9926472407868645	0.3966848838833986	-0.9177119840331003	0.021114385154347604	0.9123693035837483	0.3916332669479544	-0.1191874074631179
96														9.797822297260009	0.2626345265204534	-1.228854717598595	0.10090405053045942	0.06712426128489224	0.9926291886366753	0.3976651218745912	-0.9172762327968851	0.021604712227230538	0.9119653630654035	0.39255400430120746	-0.11924986488912487
97														9.659583821530477	0.5304748090817274	-1.1743599018280753	0.10081344498787154	0.06778564987651756	0.992593448991326	0.3983029519296303	-0.916985998230755	0.022168390399145782	0.9116969934105412	0.39311802899328396	-0.11944374193156998
98														9.615608561012024	0.7222961347812408	-1.1453049901095826	0.10105494001689636	0.06859643050121103	0.9925131882351361	0.3976589983668303	-0.9172473151660561	0.022905978227349882	0.9119513255191154	0.39236703804366013	-0.11997036025941649
99														9.647881531021145	0.3740714472755477	-1.191600620608949	0.10173067577772843	0.06951318247743105	0.9923803641082718	0.39585455164452954	-0.9180067298082984	0.02372378487893745	0.912660968568348	0.39042484742717515	-0.12090655467488876
100														9.67760178559886	0.26590808750474937	-1.1735902567107477	0.10266670817354379	0.07053274167736093	0.9922120133239083	0.39372780868916324	-0.9188983519572766	0.02458111948287206	0.9134757575861763	0.3881377991405581	-0.12211097076301419
101														9.739984428929718	-0.07933509227249769	-1.1653881971545752	0.10370370513181404	0.07153594568965513	0.992032333150599	0.39173154384900344	-0.9197296698333779	0.025371873834274195	0.9142165712212892	0.38597920009046177	-0.12340226092708828
102														9.836060025042157	-0.3683536756786124	-1.2340695137444602	0.10461301931965955	0.07243469122718108	0.9918716306537092	0.3907096103940064	-0.9201470525015312	0.025988499735631554	0.9145502263597056	0.3848150429486459	-0.12456029136865238
103														9.857332010376181	-0.3385118819650377	-1.2557463065111107	0.10512779928520505	0.07317576298967673	0.9917628010408176	0.3910091241875653	-0.9200071230682039	0.02643403688126436	0.9143631721693098	0.3850093521132254	-0.12533071517322342
104														9.76183968506365	-0.2766844686849415	-1.2745868177958286	0.10529984230459205	0.07369515988194458	0.9917060888290457	0.3925119056988946	-0.9193609785354846	0.026641978734668864	0.9136992651278923	0.38645105066004304	-0.12573479370682866
105														9.679011849204135	0.004810947040532929	-1.227888071066831	0.10531007346343796	0.07415512864028079	0.9916707141604357	0.39448721485910904	-0.9185107663804399	0.026791964390839335	0.9128469892264686	0.3883799543482648	-0.12598168644930613
106														9.63825850958215	0.2215713698215461	-1.1809861004226063	0.10545928780062874	0.07466049493891205	0.9916169366807231	0.39637184244846135	-0.9176947113382118	0.02694029131038994	0.91201299394833	0.3902079282605022	-0.12637274861318193
107														9.610470681363037	0.29002217556062826	-1.1556380940902446	0.10575248242000607	0.07516618956311011	0.9915475058758246	0.3976588958514423	-0.9171326409267568	0.02711312407163116	0.9114185728918506	0.3914304061940954	-0.1268795574334472
108														9.62113027704525	0.3019480204200953	-1.072225587105204	0.10644585673929102	0.07568865717778867	0.9914335614440638	0.3981638339181211	-0.9169094766123841	0.027250193724543903	0.9111173584904745	0.3918523176823451	-0.12773770071640272
109														9.636871326859108	0.16632575881903175	-1.1224608790630377	0.10750455527962577	0.07618414330412285	0.9912813661635869	0.3980570387300413	-0.9169542894400152	0.02730247232445615	0.9110397162097823	0.3916513850180721	-0.12890239757981836
110														9.757775886246435	0.04373043666004122	-1.1502909232699883	0.10873203004713544	0.07655820436658631	0.9911186543426537	0.3979117994992716	-0.9170209301713138	0.02718112298985567	0.9109574882842119	0.39142234858513403	-0.13017296019918095
111														9.875145658210455	-0.09165240015584972	-1.1572962535420037	0.10990240344409818	0.07677154643715453	0.9909730527995493	0.3979672471436736	-0.9170050054506156	0.026905207291572142	0.9107928040548501	0.3914178708696935	-0.1313336150638481
112														9.797518172439759	0.014549788907622664	-1.0969711766455463	0.1110029355280664	0.07696727128428277	0.9908351969198529	0.39843031933697465	-0.9168133480576119	0.02658129899814521	0.9104568243124923	0.39182818170014777	-0.13243506744200206
113														9.760856337418833	0.09882850000847115	-1.150792841171318	0.11193043639015132	0.07702681918488058	0.9907262217867107	0.3989639397795971	-0.9165925582196092	0.02618887114740201	0.9101095275652556	0.3923327049108867	-0.13332552828417665
114														9.8112977142526	0.22346111640113925	-1.1137553015069606	0.11285998346909198	0.07714033806767209	0.9906119282414088	0.3991384407793398	-0.9165248656798972	0.025897406871813577	0.9099181991935288	0.3924685195442458	-0.13422865544716678
115														9.73336226545046	0.059564185970819396	-1.1342681610193972	0.11372477433430389	0.07711362749724651	0.9905151004183775	0.3990685891871376	-0.9165653690688569	0.025537919802889802	0.9098411602179802	0.3923791695259664	-0.1350098162924222
116														9.873106603205109	-0.07395902655595457	-1.1869086613693882	0.1146066953494333	0.07696349775120453	0.9904251235681492	0.39916967466007086	-0.9165353095418762	0.025031923512813387	0.9096861415965709	0.3924788483178151	-0.13576257735571357
117														9.794016183534183	-0.12033354449233251	-1.1713763129387451	0.11534973960185524	0.07664439441267118	0.9903636071559274	0.39948109529729514	-0.9164168399407648	0.024393236215336067	0.9094554920796611	0.39281778508374426	-0.13632643048229398
118														9.844689334158398	-0.03791899769053076	-1.2053051225293472	0.11593756265165789	0.07615081672511959	0.9903330423036938	0.40011419711910984	-0.9161612134105277	0.02360636155529236	0.9091023654298358	0.39350944608007354	-0.1366865209727377
119														9.815297809329612	-0.11018497330786171	-1.1894991885242208	0.11633922475899172	0.07546310484265653	0.9903385807843619	0.4010529848690181	-0.9157743530291015	0.022667987598877476	0.9086372698223033	0.3945410677504154	-0.13680518173020395
120														9.760635868313463	0.11382040677522745	-1.1343266988253498	0.1166481597529167	0.07462415863996721	0.9903658120985068	0.40227874535166175	-0.9152627820001753	0.021583579953110416	0.9080556248735816	0.3958854314477567	-0.13678343212126481
121														9.713590087654145	0.22004524333189013	-1.193124475054302	0.11696414853821768	0.07377875179715906	0.9903918839227137	0.40333626202937334	-0.9148218230791983	0.020515646473449084	0.9075457276021421	0.3970613652841385	-0.1367590015676977
122														9.665209318804191	0.273627927882339	-1.11449566945997	0.11745241072286333	0.07306346815150463	0.9903871267524946	0.40400319572498533	-0.9145484919837041	0.01955693366383801	0.9071859506514566	0.39782255520772913	-0.13693379973040382
123														9.709264608546155	0.29327644939468345	-1.1790232499442856	0.11810289089883341	0.0724607361796624	0.9903540522831419	0.4037418470581646	-0.9146802535134285	0.018776441800091692	0.9072178504060645	0.39762982225294924	-0.1372818136523849
124														9.653651636685566	0.16820249048037414	-1.1684749416160576	0.11884445105167668	0.07195838732117807	0.9903019675575531	0.4035809000125893	-0.9147661645279844	0.01803666764646447	0.9071926221036268	0.3975234014858696	-0.13775591338251153
125														9.721137749599183	0.15134774577027266	-1.1683131906122004	0.11962886726146055	0.07154424750852434	0.9902375244183482	0.40324801859021386	-0.914925525594322	0.017387297634195997	0.9072375486171228	0.3972312969346607	-0.1383015803047854
126														9.75152023160334	0.009913195197617703	-1.1826826855234231	0.1203962258832551	0.07122932401161133	0.9901672243585511	0.40296241157716184	-0.9150617797581846	0.016829559759592744	0.9072629407448463	0.39697395711385464	-0.13887272491162966
127														9.717359296960542	0.0305031850067687	-1.1529300417578856	0.12111866140393446	0.07093866540588459	0.9900999826331437	0.4026123175534482	-0.9152250517665766	0.016322572502792565	0.9073222093688443	0.39664948048535176	-0.1394116136365261
128														9.762467862554194	-0.008137994771784677	-1.1407746330487722	0.12181083815268057	0.07069167885382349	0.9900327298879417	0.40262263143353794	-0.9152294620811534	0.015812918648268753	0.9072249645849013	0.3966833980386263	-0.13994693763871324
129														9.70617138485489	-0.01070354986646809	-1.098106284445314	0.12246313305330098	0.07038586110882103	0.9899740459217801	0.40264974629253447	-0.9152268811358515	0.015262301821780067	0.90712510871066	0.39674372912789846	-0.1404224004365459
130														9.769748472045965	0.06292986382665623	-1.0800882980734263	0.12300882913018069	0.0700081823657085	0.9899331706523786	0.4029771455667939	-0.9150929147019652	0.014641639699857018	0.9069058650746837	0.3971193924553561	-0.14077620547886588
131														9.704868825142784	0.08014068025085141	-1.1091333043022449	0.12347267244756688	0.06958089781841417	0.9899055499477917	0.4030631219657239	-0.9150643931229979	0.014045502827745832	0.9068046200091288	0.397260185643142	-0.14103093998437555
132														9.702572505112986	0.10350081398097606	-1.0138348551481187	0.12376612660442726	0.06912458271835964	0.9899008727995698	0.4033777846823821	-0.9149345893046386	0.013455858154961697	0.9066246790872566	0.39763864168106866	-0.14112123125867343
133														9.705351322166424	0.09025354673768402	-1.0731888595004915	0.12395397538942349	0.06862597577877938	0.9899120604546489	0.40352394193977453	-0.9148781988291048	0.012896107497943093	0.9065339708287513	0.39785469301696497	-0.14109501400769947
134														9.698151022350428	0.04420861265892771	-1.0670017095288693	0.1241282933056081	0.06808149960822696	0.9899278136370002	0.40384572681086167	-0.9147447862281116	0.012272123088236109	0.9063668108098637	0.3982547996943426	-0.1410401318163566
135														9.690013817594705	0.07894352958313573	-1.1023114959951057	0.12424404273167367	0.06748950538450524	0.989953829483297	0.4040916971156915	-0.9146444195589352	0.011639849305687539	0.9062413134302862	0.3985859410875573	-0.1409110691162906
136														9.64866247763568	0.1385135051655805	-1.1017461178937684	0.12429190048282213	0.06679492466883172	0.989994930044015	0.4043972630567433	-0.914518103602525	0.010931231195858787	0.9060984367642315	0.3989925766499012	-0.140678877844861
137														9.674765136577193	0.1667995164575172	-1.133289442601092	0.12422650393299228	0.06607971852008793	0.9900511332859997	0.4045523935017866	-0.9144571194917802	0.010273145709654985	0.9060381540710977	0.39925135868410283	-0.1403325192403243
138														9.69696875842066	0.1646688571586344	-1.1803215229939519	0.12422012346696037	0.06533611201916009	0.990101284410879	0.40460587810257	-0.9144409736666366	0.009580662005380797	0.9060151457512731	0.39941068857234263	-0.14002734562743718
139														9.667675135903663	0.09474445665870276	-1.1586962610813647	0.12415205833214349	0.06460932680070414	0.9901575133796902	0.4046024142239486	-0.9144490167567204	0.008937681848166928	0.9060260221517061	0.3995104887772367	-0.1396718172751007
140														9.724528142445429	0.1071315882452896	-1.1648803647886254	0.12401192052466053	0.06395694679031133	0.9902174268942382	0.4048308871702603	-0.9143533840084619	0.008357149347330173	0.9059431529410246	0.3998342132803731	-0.13928246669893468
141														9.735982505174038	0.15491195698948892	-1.1879379075610206	0.12369373905863312	0.06334488932656457	0.9902965636181418	0.40513562760124283	-0.9142226793782289	0.007875008485026647	0.90585041931096	0.40023033056815854	-0.13874689303714394
142														9.661781705409535	0.2418823131557944	-1.1501824871756352	0.12347212202027469	0.06280045599372547	0.9903588934375209	0.40534426456305606	-0.9141339114863911	0.007430952592126477	0.9057873162446282	0.4005187818287319	-0.13832585851091983
143														9.707199550393714	0.18457183875108657	-1.166166127324266	0.12321236239425659	0.062309575834920944	0.990422248595264	0.4053725826440979	-0.9141241429806976	0.007079580514363942	0.9058100148451002	0.40061773298130177	-0.13788998885793713
144														9.737582699525985	0.14566012129861503	-1.1759312539689655	0.12306988241473221	0.061833022959599665	0.9904698285733404	0.4053344022129105	-0.914143906961582	0.006703711488222602	0.9058464695659674	0.40064647089010086	-0.13756663453825219
145														9.782392744193237	0.069039639522047	-1.2294824426280964	0.12277490390658496	0.06132602862590514	0.9905379554483029	0.40536902245445006	-0.9141310741362542	0.006350978886933006	0.9058710054997086	0.40075366188155204	-0.13709202706019863
146														9.783542324371467	0.08653058266418967	-1.1872338345684408	0.12239662512236948	0.060868819565073395	0.9906129682996329	0.4054929218483933	-0.9140780646695598	0.006064818282990242	0.9058667432296582	0.40094423364690934	-0.13656194570884528
147														9.73889525862227	0.11934712620738262	-1.1989742456800874	0.12193434961233846	0.06035568048554066	0.9907013708569007	0.4057551448791483	-0.9139637879259186	0.005740798220348425	0.9058116673948929	0.401282177766759	-0.1359332079296663
148														9.731821213295222	0.15730005002674333	-1.2290389267403103	0.12139320993217528	0.05988409635042907	0.9907964390260267	0.40596648609368147	-0.9138714423286649	0.005495367583143451	0.9057896559086502	0.40156304847485363	-0.13524872401790256
149														9.732287345340902	0.13656876533609089	-1.2592215555578083	0.12077944545463903	0.05942385343869502	0.990899152890024	0.40598722854967106	-0.9138632725624461	0.005318770159900343	0.9058624044578887	0.40165000274362406	-0.13450122484877147
150														9.646019510362505	0.11577687859819505	-1.303754612157182	0.12016422727913478	0.059008292598626916	0.9909987789533362	0.40596668323598994	-0.9138731392080037	0.005190138387171278	0.9059534262779615	0.40168881841383564	-0.13377026043377027
151														9.612613931290506	0.10183628983012029	-1.3370336214572092	0.11959371673648289	0.05863788463431316	0.9910897746434311	0.4058287563250721	-0.9139348932563265	0.005102100370672491	0.906090703769109	0.4016025515035483	-0.1330978105343612
152														9.643721844571594	0.0856921620315709	-1.307070351204268	0.11917161454169756	0.058402486453134145	0.9911545166439062	0.4056207301095195	-0.9140273166581828	0.005087996468266354	0.9062394548864798	0.40142647393854364	-0.13261537025670267
153														9.624990079708603	0.054506023818549444	-1.349450837433991	0.11884458547321453	0.05817737855774838	0.9912070203180808	0.4051473959711812	-0.914237250480826	0.005083047415719355	0.9064940992866256	0.40098085048716225	-0.13222256048466652
154														9.663143395734846	-0.020653820112045147	-1.3228236945907883	0.11866819165444531	0.05803759074674866	0.99123634838003	0.4048500496240037	-0.9143690385810017	0.005069379044444322	0.9066500414211126	0.4007005107867564	-0.1320030418071002
155														9.727648018274872	-0.04274255319220809	-1.2937023905836214	0.1185321388166834	0.057837943130718134	0.9912642959382478	0.40461487921768646	-0.9144736465404664	0.004974866695621083	0.9067728114490416	0.4004906017840993	-0.13179660958996836
156														9.705165611225217	0.014897746447932177	-1.321887668063122	0.11840285268603157	0.05763758543000383	0.9912914169010083	0.40457360883249827	-0.9144925834262433	0.004848700304609321	0.9068081161480959	0.40047624599243614	-0.13159717657969405
