// Start Time: 1748432634.6645443
// Update Rate: 100Hz 
// Filter Profile: 46.1 human
// Option Flags: AHS Disabled ICC Disabled 
// Firmware Version: 4.0.2 
PacketCounter	SampleTimeFine	Year	Month	Day	Second	UTC_Nano	UTC_Year	UTC_Month	UTC_Day	UTC_Hour	UTC_Minute	UTC_Second	UTC_Valid	Acc_X	Acc_Y	Acc_Z	Mat[1][1]	Mat[2][1]	Mat[3][1]	Mat[1][2]	Mat[2][2]	Mat[3][2]	Mat[1][3]	Mat[2][3]	Mat[3][3]
0														8.427620314899157	-4.879214702046806	-0.41726946183727853	0.5127651775370177	-0.07383693952412518	0.8553478702067021	0.8282286946604046	-0.219807157944445	-0.5154823398114702	0.2260732227543833	0.9727450435124799	-0.051555584327505205
1														8.489183365483678	-4.874687897583377	-0.364521014054282	0.5125913129413038	-0.07403267325804042	0.8554351577924413	0.828392255407743	-0.21943610572151842	-0.5153775962207202	0.22586814090876878	0.9728139384260709	-0.05115294836442727
2														8.4298330155573	-4.876149398836424	-0.4083079178261282	0.5124251995695788	-0.07410032751053292	0.8555288167612531	0.8285995544475533	-0.21893306427189566	-0.5152582767290934	0.2254843524845888	0.9729221216681994	-0.0507873207922602
3														8.413287533890415	-4.826575754474379	-0.4355209593824142	0.5122757541751422	-0.07412145488171423	0.8556164804458293	0.8288015482859348	-0.21843661435212636	-0.5151440954424488	0.2250811970003881	0.9730320937341169	-0.05046780478952939
4														8.464779505330712	-4.870789414480712	-0.4936298343268477	0.5121911848470074	-0.07408013204779795	0.8556706867719619	0.8289599319676131	-0.21799645981053295	-0.5150756980311983	0.2246900562046979	0.9731339463536646	-0.050246403820315505
5														8.477242713634858	-4.8203668200303555	-0.45959493962344367	0.5121140294111184	-0.07422883366554167	0.8557039798510699	0.8289982106295536	-0.2179423037122481	-0.5150370074330537	0.22472469302082793	0.9731347452975105	-0.05007574104736834
6														8.465374492780414	-4.746730562262721	-0.4337639476057164	0.5119907908243826	-0.07428362182877551	0.855772968513859	0.8291208175408304	-0.21769948006664336	-0.5149423329841288	0.22455311182757554	0.973184915577051	-0.04987003170080942
7														8.469175877313484	-4.79407909436961	-0.4324545656259958	0.5118485989555219	-0.07431757167711744	0.8558550755164603	0.8292028156571398	-0.2176944299394235	-0.5148124179539777	0.22457449154688292	0.9731834532673509	-0.04980224927744786
8														8.455310381601803	-4.7934547657945465	-0.46290848250805533	0.5117839658822027	-0.07425521608814595	0.8558991384208696	0.8292750745679218	-0.21758722298877797	-0.5147413438732109	0.22445494640629265	0.9732121882075533	-0.04977965204793755
9														8.534351790917947	-4.8123166431892255	-0.4603489066124985	0.5117274788782474	-0.07424677855845535	0.8559336441772838	0.8293436351049763	-0.21744226862608457	-0.5146921358692068	0.22433038642095976	0.9732452289574473	-0.049695090701089295
10														8.562682514368406	-4.785802010028139	-0.39583144847721247	0.5116320871158366	-0.07432592200172977	0.8559837993514168	0.8294554196496429	-0.21715843747346997	-0.5146318294158618	0.22413458958252863	0.9733025584846033	-0.04945518577457386
11														8.515647253566256	-4.787985258947366	-0.33250551726728533	0.511550325678737	-0.07453055750251797	0.8560148715392405	0.8294957413887349	-0.2170737640430862	-0.5146025611888458	0.22417198601951005	0.9733057982784912	-0.049221374640883137
12														8.501436632802767	-4.812247471156557	-0.2841076674191722	0.511426147669101	-0.07447976176158067	0.8560934882174267	0.8296761929020822	-0.21664446519733485	-0.5144925564387379	0.22378719894544902	0.9734053322163894	-0.04900355906310325
13														8.47618758154503	-4.860692887898998	-0.3456215380843115	0.5112928039707321	-0.0743122141615617	0.8561876917090978	0.8298136665805838	-0.21649554400688195	-0.5143335087093321	0.22358208193823303	0.973451269582392	-0.049027322837320614
14														8.466177264382189	-4.883183861216796	-0.45431065847493485	0.5111550660072726	-0.0740133071366339	0.8562958185474218	0.8299944592791075	-0.21624771596934966	-0.514146013214166	0.22322566174408054	0.9735291242200912	-0.049105480693905884
15														8.419715771751015	-4.956975160867659	-0.5260653727224892	0.5110191794234622	-0.07372048318328733	0.8564021769125735	0.8301663231218916	-0.2160294039690444	-0.5139602830716195	0.22289745224127422	0.9735998084326039	-0.049194906284561746
16														8.409171435528366	-5.004614519206202	-0.5577024878598673	0.5109418913485053	-0.07331990553729223	0.8564826764840112	0.8304000201950608	-0.21545021254780605	-0.5138258580230741	0.2222030380648639	0.9737583875711204	-0.04919768805174607
17														8.449417578231087	-5.000696510063243	-0.5951577975501571	0.5109309871102596	-0.07290380301085164	0.8565247001208378	0.8305989130311523	-0.21485544072552015	-0.5137534284675007	0.2214835706819009	0.9739210312428817	-0.049222482879249296
18														8.464606980165566	-4.999075137408919	-0.5633472753698276	0.5109386498441975	-0.07252963403961987	0.8565518946809162	0.8308121300334492	-0.21412021200834364	-0.5137156211356484	0.2206646792866308	0.9741108699709602	-0.04914379228089327
19														8.437416227309134	-4.92704890005261	-0.5699310914431754	0.511021345564722	-0.07242056266092334	0.8565117900420853	0.8309000159878619	-0.21357794297785887	-0.51379920757502	0.22014165396079166	0.974238022444835	-0.048968641130679724
20														8.437593320426139	-4.8539254961211675	-0.4366521716121615	0.5110893864925183	-0.07211101224944605	0.8564973093519104	0.8310783276573378	-0.2127919493054788	-0.5138369387354882	0.2193090338152633	0.9744329572747092	-0.048825807355136835
21														8.528058160376997	-4.750434627666533	-0.27133479734857996	0.5111115570201414	-0.07162516943311498	0.8565248457482847	0.8312975189197342	-0.21204820661788343	-0.5137898335973884	0.21842484134900808	0.9746309009947384	-0.048838463405841
22														8.549779239439601	-4.724061075088188	-0.2633909327168525	0.5111433869904545	-0.07124843863746283	0.8565372717679305	0.8314322440681594	-0.2115868633605938	-0.5137620293258438	0.2178367771054977	0.9747587697707307	-0.04891297675812217
23														8.534040284561732	-4.699654777019086	-0.2953725531176676	0.5110895398047692	-0.07102657250146749	0.8565878287139287	0.831505780068358	-0.211535311378936	-0.5136642383432275	0.21768238333650392	0.9747861499008437	-0.049054479371704485
24														8.52161530994716	-4.72348067634818	-0.32776385361017524	0.5109943265839366	-0.07080910594549422	0.8566626341298123	0.8315813321321643	-0.21158298805694825	-0.5135222752852968	0.21761729308196975	0.9747916237227794	-0.04923417584953574
25														8.507286569006112	-4.844995361434351	-0.33732125294356585	0.5109100641334481	-0.07077334679153524	0.8567158453951231	0.8315668601424159	-0.21189529435978205	-0.5134169274002025	0.21787029049422818	0.9747263808947135	-0.049406668657724806
26														8.467148528050625	-4.918990706806888	-0.3544923830747187	0.5107423002753939	-0.07063634541005509	0.8568271759325279	0.8316926256266359	-0.21186437705245448	-0.5132259368099475	0.21778356041646546	0.974743039186886	-0.049460371703425265
27														8.422654659819614	-4.919530678338763	-0.37083148864282095	0.5105584211271547	-0.07058653947985155	0.8569408608885489	0.8318101856353086	-0.21186087069201615	-0.5130368276673469	0.21776573121017267	0.9747474092881094	-0.04945274913105063
28														8.4569046571623	-4.915014698179555	-0.4627690462187429	0.5103959725376747	-0.07028365517448598	0.8570625175753722	0.832007259138704	-0.21159483336080478	-0.5128270149236629	0.21739335766720835	0.9748270791839582	-0.04952063945316129
29														8.535268307422514	-4.907803776637405	-0.4607256999028841	0.5102395315134496	-0.07013786710189662	0.85716760326049	0.832187516462061	-0.21129309465394908	-0.5126589174063636	0.21707039854766702	0.9749030247926993	-0.04944223219478447
30														8.512022180557125	-4.8828983520064995	-0.46711899517920724	0.510065772225203	-0.07007768231066858	0.8572759336679601	0.8323995510902726	-0.21084295163240874	-0.5124999874064845	0.21666539951967495	0.9750048041875995	-0.04921114164577842
31														8.447701093814615	-4.8364289985202165	-0.4353619626551384	0.5099895860622735	-0.07026096759848893	0.8573062571451089	0.832418899327233	-0.21085123570481984	-0.5124651524197418	0.21677038116603836	0.974989821912965	-0.04904537710381934
32														8.487886056980566	-4.856767100707594	-0.39477118223235186	0.509899715081653	-0.07008626120152112	0.8573740120568396	0.8325449209222713	-0.21063021012360927	-0.5123513142657234	0.21649765635262413	0.9750501682344745	-0.04905032333985901
33														8.49183183561184	-4.9041224763297455	-0.3948477054513177	0.5098695912028939	-0.06989640170532802	0.8574074253207986	0.8325977099429691	-0.21058692622560654	-0.512283319951542	0.21636555493959037	0.9750731457339485	-0.04917628599421406
34														8.546652455304418	-4.899306280047915	-0.4016729935941576	0.5098058104950025	-0.06963744116624443	0.8574664205514704	0.8327496586385952	-0.21022802935580293	-0.5121837382331447	0.21593064076882756	0.9751691148006036	-0.049184915534846996
35														8.547447036199175	-4.897983143910331	-0.4009012875702174	0.509716576362758	-0.06959445956175919	0.8575229576981225	0.8328449012230867	-0.21006418822576228	-0.5120960918926827	0.21577391475277086	0.9752074897289083	-0.04911180803947007
36														8.43195895631391	-4.904128227476766	-0.3633231691205531	0.5096149487839732	-0.06948448880683034	0.8575922747968072	0.8329917776700012	-0.20973997417516477	-0.511990079559334	0.21544675052105178	0.9752851116715846	-0.049006618345535546
37														8.444451261581817	-4.852794181721657	-0.33122863127949825	0.5095195912966493	-0.06932778112739024	0.857661614419609	0.8331535916169848	-0.20935822223181533	-0.5118830213629424	0.2150462249392351	0.9753782822822581	-0.04891142598102616
38														8.440539374746333	-4.778186258454641	-0.33063393255148776	0.5094458174149201	-0.0690573155935243	0.8577272563475297	0.8333524719484309	-0.20881622554655505	-0.5117806575535369	0.21444956660222958	0.975513644759266	-0.048831468057076666
39														8.511636642478676	-4.772643389528751	-0.38225245969653865	0.5094042715643029	-0.06903371856836721	0.8577538305438599	0.8334197390611353	-0.20863699276386433	-0.511744217157087	0.21428678600256795	0.9755536637987037	-0.048746511604574605
40														8.521894546279231	-4.795868594212725	-0.40350272841186313	0.5093615599207026	-0.06906482638062683	0.8577766906556523	0.8335059005646961	-0.20834202464945406	-0.5117240608851626	0.21405306584813005	0.9756144989297671	-0.04855547836275462
41														8.502673087915213	-4.7475270117404405	-0.35562056655554153	0.5093700484378505	-0.06933854615004892	0.8577495670486925	0.8334574504725605	-0.20837638219270646	-0.5117889815109922	0.21422145552255328	0.975587745598558	-0.04834995999710914
42														8.502873846968763	-4.747241043959579	-0.3546361279016037	0.5093653214936288	-0.06945335933511726	0.8577430851582306	0.8333785626109804	-0.20867969520263424	-0.5117938610325377	0.21453936850878658	0.9755147439619778	-0.04841325926487833
43														8.52236312840356	-4.795234596321777	-0.40113377353842716	0.5094501751009941	-0.06971638720822204	0.8576713499028636	0.8331350487672278	-0.20939815079255641	-0.511896869457401	0.21528239501918406	0.9753420117062997	-0.048594758930495224
44														8.489202729812583	-4.8714508797044855	-0.4410121221874405	0.509503002518823	-0.06993470553977832	0.8576221938507478	0.832968329551241	-0.20987952449784414	-0.511971041330635	0.21580188226454444	0.9752229089585746	-0.04868085304774733
45														8.425079434771032	-4.851504942958543	-0.4116686308074328	0.5095246603704424	-0.07014683911968794	0.8575920017327014	0.832830005131334	-0.21031888258027925	-0.5120157714202997	0.21628407945876932	0.9751130132408752	-0.04874226483221117
46														8.429769253845308	-4.826898884827773	-0.3581909720466813	0.5096012606630086	-0.07022958340607283	0.8575397138006388	0.8326776437008407	-0.21074971152379177	-0.5120864192433285	0.21668986319504613	0.9750140330822155	-0.04891971464822928
47														8.494877858845454	-4.872139064051586	-0.38935919911867506	0.5096977614431468	-0.07027397965261362	0.8574787226302639	0.8324833905971895	-0.21133715733738556	-0.5121601412725911	0.21720864706464227	0.9748836718872345	-0.04921615515265787
48														8.5795995994588	-4.965133653022141	-0.46616385974912905	0.5097669703250177	-0.07034292559842087	0.8574319266180307	0.8323607253129579	-0.21166070218997757	-0.5122258975344108	0.21751611186792508	0.9748085042544002	-0.04934694632051362
49														8.57933698546439	-4.9656608546306575	-0.4653814018695529	0.5098514623676472	-0.07075770980087709	0.857347556610099	0.8321953521452023	-0.2119271994226702	-0.5123843850204518	0.21795041222602546	0.9747205797809949	-0.049167155316399425
50														8.520164487042617	-4.921011125829557	-0.3786331828017374	0.509871589340961	-0.07108679992247907	0.8573083629941471	0.8321762735330067	-0.21176201951656326	-0.5124836552115448	0.21797617335764324	0.9747325345791269	-0.04881468919608664
51														8.510178895889	-4.897666417793244	-0.3524344539668295	0.5099301151278185	-0.07147192189341944	0.8572415307639911	0.8320695864092628	-0.21185215785692899	-0.5126196119776159	0.21824637696522764	0.9746847837081607	-0.048560182756327924
52														8.53800114381951	-4.8713658796185815	-0.2874991105371808	0.5099168857957888	-0.07166315477785218	0.8572334348516808	0.8320744588194602	-0.2117513698791787	-0.5126533451900946	0.21825871015981851	0.9746926436582856	-0.0483465183627064
53														8.549618933308292	-4.797551782510443	-0.3311734326289519	0.5098916612182027	-0.07190753755849943	0.8572279742649649	0.8320591310640256	-0.21174099778270056	-0.5126825063047944	0.21837604317580445	0.9746768982079446	-0.04813364588954211
54														8.510271171320655	-4.77612502565077	-0.36893687035344563	0.5099118343206678	-0.07212661054527553	0.857197569566656	0.8319612612638703	-0.21199263696001644	-0.5127373417559609	0.21870157972900456	0.9746060095884845	-0.04809100849482198
55														8.480774106250871	-4.778490994335965	-0.4307446563492334	0.5099505772178115	-0.07243574034654737	0.8571484540706287	0.8317986128560715	-0.21242845364106994	-0.5128208456511684	0.21922927825894217	0.9744881813568144	-0.04807606421029004
56														8.505226870306657	-4.8014293128258805	-0.42269615386623427	0.5100064159353238	-0.07241066161935267	0.8571173500686204	0.8317244017796086	-0.21262475805738026	-0.5128598558528379	0.21938089066543304	0.9744472322013589	-0.04821427657813812
57														8.510033224936766	-4.874485400412061	-0.42258207167732525	0.5099748431576363	-0.07234824207763851	0.85714140677873	0.8317612038972435	-0.21258253325236287	-0.5128176734936275	0.21931474879212476	0.9744610810208297	-0.048235283123080896
58														8.478894826177852	-4.8765524565	-0.4065602811824345	0.5100222896533505	-0.07235494881433258	0.8571126095437103	0.8318030030067322	-0.21226645805998917	-0.5128807999639379	0.21904572181564252	0.9745294824502447	-0.04807556125020235
59														8.48707072852249	-4.876365623999649	-0.42752479685573525	0.510025105263778	-0.07232990471692985	0.8571130479022666	0.8318868323318147	-0.21190069515691928	-0.5128960845872725	0.21872057560643987	0.9746109379006862	-0.04790437903504666
60														8.54775200288216	-4.848305994688401	-0.45491384609289814	0.5100707927123642	-0.07230860379283344	0.8570876572669284	0.8319606943087241	-0.21146206146466642	-0.5129573078594939	0.21833274959823679	0.9747077830707237	-0.047702705103892934
61														8.500049943800962	-4.851534454863132	-0.39139457266587413	0.5100781739134757	-0.07234037729065196	0.8570805833237272	0.8320583933096104	-0.21098673156267422	-0.5129945703684687	0.21794285172981437	0.9748084267782805	-0.04742830865559067
62														8.50644871077093	-4.827387266285917	-0.4118334860345611	0.5101753328620592	-0.07231513669297729	0.8570248833868032	0.8320970776625981	-0.21056827864876204	-0.5131037452331273	0.21756742192812728	0.9749007749673675	-0.04725352773682526
63														8.533432256868824	-4.900300849416128	-0.4020302826776813	0.5104426303441342	-0.07220895197297533	0.8568746631697817	0.8320053158368619	-0.2103255200794642	-0.5133520527109123	0.21729122289353048	0.9749610468414971	-0.04728087980533552
64														8.543526564078553	-4.950944308434562	-0.4242325232706161	0.5107673369449667	-0.07199015486441396	0.8566995652577076	0.8319671815798558	-0.20975352661708446	-0.5136478042839935	0.2166733400402981	0.9751004438899072	-0.047241803960979545
65														8.512370636176112	-4.956365194109282	-0.4854472930204384	0.5111726885249371	-0.07184485411463126	0.8564699641221725	0.8318937317596621	-0.2090756807548695	-0.5140429736664743	0.21599838324666082	0.975256723460103	-0.047106494039498986
66														8.490940284015734	-4.911715003738388	-0.4380494610112768	0.5115562791766681	-0.0715577492223698	0.8562649483431817	0.8319108241416249	-0.20812826209184493	-0.5143996570708724	0.21502221724958015	0.9754804534406916	-0.046939653217909216
67														8.468085859388504	-4.842436318771926	-0.3913319840438559	0.5119381069725629	-0.07123609269672299	0.8560635453788773	0.8319088150903313	-0.20728732302954517	-0.5147423521396371	0.21411935457671738	0.97568303501114	-0.04685634628415966
68														8.489344724424255	-4.843833728303378	-0.38323598135526366	0.5123470763082596	-0.0706797767507873	0.8558649674784209	0.8319163650834851	-0.20646369325728797	-0.5150610690712736	0.2131094434901028	0.975898105605816	-0.04698140664474962
69														8.498969757105638	-4.895055295199205	-0.40718159530122006	0.5127881068091269	-0.07017343335024523	0.8556424760184304	0.8318451947264021	-0.20587676909749797	-0.5154108341474496	0.21232505628329823	0.9760586279511155	-0.0471977253316308
70														8.489040059299253	-4.898272550466727	-0.38548541973017936	0.5132425041317122	-0.06953929214629528	0.8554217783061179	0.8318753303449017	-0.2048573299146027	-0.5157682707804154	0.21110558191618145	0.9763184732596488	-0.04729346736895698
71														8.447848700177538	-4.879967606896151	-0.42572391410251215	0.5136758821020593	-0.06886143948076245	0.8552164581550736	0.8319404735191589	-0.20375101027167503	-0.5161013217712098	0.20979069728514954	0.9765979868737746	-0.04737336136165199
72														8.406834871651954	-4.884928231184514	-0.38876652727318883	0.5141258827186812	-0.06804044091987238	0.8550117397545871	0.8320277159249498	-0.20256977930973147	-0.5164255652493565	0.2083373625911768	0.9769012145093462	-0.04753483395065622
73														8.362490097155595	-4.8180040984804196	-0.43028630007972507	0.514654298486056	-0.0673933249354331	0.8547450454983476	0.8320374766356229	-0.20141243128832081	-0.5168623317638384	0.2069893488169146	0.9771853315910314	-0.04758400150969938
74														8.383262801020015	-4.820151584440687	-0.4237766204681931	0.5152003129713927	-0.06659136712832842	0.8544789215294664	0.832034130412105	-0.20034857185598476	-0.5172810218678434	0.20564008204518908	0.9774589707907173	-0.047813356682002955
75														8.407841823574906	-4.87276979771715	-0.49567857431540085	0.5158290073195912	-0.0656291005411247	0.8541740199572028	0.8319362479929729	-0.19958250386312618	-0.5177343946726929	0.20445663227946292	0.9776807481554948	-0.04835121718273802
76														8.395623003432005	-4.976612498167985	-0.5308200062382316	0.5165864772135472	-0.06453293160686291	0.8537996909687435	0.8317693372532892	-0.1988440605902459	-0.5182864161573286	0.203219539329569	0.9779041570144835	-0.049043639021500024
77														8.384044400735645	-5.082110437974528	-0.6433144344447114	0.5173158137391773	-0.06335005252557363	0.8534466120973128	0.8316714264873553	-0.1978955893435442	-0.5188062972660029	0.2017597264566484	0.978173863156944	-0.04968808928465687
78														8.35608545952855	-5.06445997065502	-0.6560199944246784	0.5180137074241447	-0.06222986700771327	0.8531056456107273	0.831676469085092	-0.19648447106990838	-0.5193342886797803	0.1999401152616644	0.9785301713695811	-0.05002653324558551
79														8.378087745051326	-4.970401143038811	-0.6756357992187579	0.5185923945782549	-0.06128429764173998	0.8528224687167604	0.831713190000374	-0.19514733565428785	-0.5197794599312616	0.19828035168667835	0.9788573707387563	-0.05023096540397967
80														8.405070166865011	-4.848897805385487	-0.5650950345971198	0.5193109740882841	-0.060406574171915084	0.8524477450191832	0.8315697794150544	-0.19422201243002662	-0.5203551785571353	0.19699699021831574	0.9790959379368517	-0.050629340905065406
81														8.439956242331139	-4.727670631747191	-0.48001077414131393	0.5200347037747948	-0.059605035329879985	0.8520628771594179	0.831280033731493	-0.19395298076707002	-0.520918176656312	0.1963094811496111	0.9791983869548051	-0.05131380511985226
82														8.437615263175829	-4.757883083021259	-0.48770589924471924	0.5208944081612094	-0.05887252162419043	0.8515885401671351	0.8307357830588901	-0.19449188602043072	-0.5215850506079984	0.19633408846126532	0.97913580900191	-0.052402225508646344
83														8.41756874335728	-4.889559825914161	-0.5811698949618498	0.5218684602180649	-0.058577069251743	0.8510123601849173	0.8298685764447714	-0.19601542665335453	-0.5223945810816122	0.19741189442167756	0.9788496715388839	-0.053682999814322396
84														8.332051719123362	-4.9735215368653884	-0.5696597278039145	0.5227267458951345	-0.05819149232864407	0.8505119042943776	0.8290435133759302	-0.19772382992983883	-0.5230603598124883	0.19860413403345106	0.9785290170957841	-0.05511225495642011
85														8.251934380622478	-5.007866179248356	-0.5836133270702566	0.523513386911528	-0.057907953656218036	0.850047294347656	0.8281510176763238	-0.19990138342296734	-0.523646186682624	0.20024890922571936	0.9781033206205435	-0.056694519532107274
86														8.230465452942783	-5.112909818371037	-0.6820635987933635	0.5242716723988856	-0.05730909376234811	0.849620433659769	0.8273915282180921	-0.20169260340793027	-0.5241596634265759	0.201401272471168	0.9777708123597624	-0.05832465983033763
87														8.223994447673757	-5.21485167572369	-0.6720601924695072	0.5250287115408672	-0.05659800046950508	0.8492005171928428	0.8267658207996065	-0.20289900941641936	-0.5246811122342692	0.20199784557091427	0.977562610946578	-0.05973451317303402
88														8.254958362690617	-5.291023652942346	-0.6982981729009055	0.5257688155063427	-0.05558562430828823	0.8488093961610669	0.8264126525501017	-0.20301893837901103	-0.5251908589880103	0.20151744427260387	0.9775958004358023	-0.06080436352862201
89														8.258071734637905	-5.270694150911551	-0.7300000926443311	0.5263728096483657	-0.054457970220597174	0.8485080993970164	0.8263203161399106	-0.2023467943076023	-0.5255953861744547	0.20031575174539445	0.9777986010998831	-0.06151012347401094
90														8.295554143454423	-5.149155964242833	-0.7212525641169509	0.5268197130709105	-0.05304347471620324	0.8483203284785261	0.8265563565288245	-0.20070524711829293	-0.5258535853837826	0.19815544252348355	0.9782145948457402	-0.06189205949963153
91														8.412382745523416	-5.045609213179002	-0.6333394446280665	0.5271947808712338	-0.05173815131677101	0.8481679236568985	0.8268453563014089	-0.1989248199238725	-0.5260757291313207	0.1959398371565303	0.9786480877805759	-0.06209267668972393
92														8.47052120934259	-4.9943474929569085	-0.5898254080172821	0.527533990836498	-0.05038967222756968	0.8480381886713094	0.8272109670996379	-0.1968652351832717	-0.5262756835407814	0.19346809665213327	0.9791348018066934	-0.062170213677995356
93														8.441836346686314	-4.896557008097982	-0.4457376842741532	0.5278384690829067	-0.049063395464485404	0.8479264907889766	0.8276159065353579	-0.19466163826846444	-0.526458695280356	0.1908886109904694	0.9796426031018315	-0.062144254617754024
94														8.480989935235868	-4.773104651750545	-0.4349961209912362	0.5281469223378621	-0.04770013530195477	0.8478121994387794	0.8279325014193155	-0.19288447118486723	-0.5266149958644267	0.18864941430759952	0.9800613643379227	-0.06237884748446648
95														8.547954536738862	-4.747402895773964	-0.49484537424885483	0.5284592744661176	-0.04636202347877094	0.8476917824361035	0.8281014952664462	-0.19182129596603387	-0.5267376044591722	0.18702595747173822	0.9803342048469313	-0.06297728192701241
96														8.557022635692478	-4.797461317017072	-0.5236122545255213	0.5288072023665141	-0.045151130989385446	0.8475401572171548	0.8281593455936678	-0.19113223000942248	-0.5268971142049392	0.18578224089284784	0.9805252908630169	-0.0636797687403724
97														8.49089201593027	-4.873895776712403	-0.4741689876097383	0.5291627299306999	-0.04407748721647836	0.8473747579276659	0.8281347967973927	-0.19076000381573632	-0.5270705638503838	0.18487715809593752	0.9806466214008497	-0.06444098346136781
98														8.432727643240407	-4.977030094612411	-0.5248569455586894	0.5295329316856329	-0.04278972469997111	0.847209486325855	0.8281618413874884	-0.19019152412066723	-0.5272334858697255	0.18369223916677363	0.9808140616919999	-0.06527585814938394
99														8.418444659693076	-5.055525863238057	-0.638390823819674	0.5299805820785386	-0.04153544973102474	0.8469919651539413	0.8281591305288261	-0.18949352100644087	-0.5274890141209774	0.18240898317087467	0.9810030641706595	-0.06602992462773608
100														8.43762131613077	-5.007073717092594	-0.6387012734582692	0.5303410453333717	-0.04021603056062267	0.8468299985951451	0.8283016453593346	-0.1883318204419927	-0.5276812576774202	0.18070628082533674	0.9812817109754731	-0.06656909023955823
101														8.450820202824218	-4.955757092090049	-0.5372085029479138	0.5306611975649297	-0.039047643622845685	0.846684105748099	0.8284451669165305	-0.18718854898629683	-0.5278627213026574	0.17910136462795856	0.981547619148408	-0.0669848679366842
102														8.41783004832131	-4.933966739853885	-0.526109756667256	0.5309942481427097	-0.03791188142385932	0.8465269031083786	0.8285759818286096	-0.18603307671209673	-0.5280658450475539	0.17750197400624756	0.9818117862482274	-0.06736961932467073
103														8.348149259111414	-4.93740368885823	-0.47496830356167574	0.5313341617862282	-0.0367902537494606	0.8463630933281393	0.8286789572846192	-0.18498255036995814	-0.528273264336084	0.1759977109868266	0.9820529177634351	-0.06780023923056089
104														8.342088641301364	-4.987499200012831	-0.4548107541463497	0.5317180410476849	-0.03556885078819322	0.8461742029145181	0.8287621079851586	-0.1839355371192154	-0.5285083599647812	0.17443994150540582	0.9822945459678952	-0.06832372771825035
105														8.311341101225075	-5.041544203315969	-0.5194888717313505	0.5320349551846899	-0.034320424391980686	0.8460265450511468	0.8288658921277953	-0.18300880050361606	-0.5286672978399766	0.1729743892280584	0.9825120291415178	-0.06892004979248162
106														8.333020665790006	-5.06874746137299	-0.5939909383616743	0.5323933136180947	-0.03309128229606817	0.8458500615657292	0.828947313317185	-0.1820345324909022	-0.5288759596777304	0.17147510419581802	0.9827351606698631	-0.0694830383922059
107														8.306752375076792	-5.074609212993591	-0.6829466378549163	0.5327315398874709	-0.03206069972316261	0.8456767810117437	0.8290208223933414	-0.18103851336907006	-0.5291025729623552	0.17006346593960553	0.9829532889259681	-0.06986593835504093
108														8.341099859461847	-4.999831101615275	-0.6510281359983122	0.5330719877841309	-0.03092258766689482	0.845504612294847	0.8291887782841416	-0.17953579344476317	-0.529351366145222	0.16816725545577837	0.9832653214896494	-0.07006483960110424
109														8.399263688556534	-4.896591692048688	-0.5346852751246511	0.5334432521020972	-0.029968799154448167	0.8453047780912983	0.8292896451620827	-0.17817372170898654	-0.5296534804183921	0.16648417706702884	0.9835425745587272	-0.07019275473084971
110														8.426250951530829	-4.8220100838602535	-0.47897184899398754	0.5338664367433523	-0.02904166735682906	0.8450699434224908	0.8292977367754413	-0.17713289007285526	-0.5299898140847321	0.16508146927528655	0.9837583650529094	-0.07048111584204364
111														8.411746377983262	-4.900230934534214	-0.5108123946080495	0.5343475829946149	-0.0281653301287072	0.8447954632492736	0.8291615212105268	-0.17669270991898506	-0.5303497506413397	0.16420667553926926	0.9838629988165157	-0.0710617145030627
112														8.466152396890172	-5.001699646725925	-0.5992724772129816	0.5347909991272572	-0.027328841370413193	0.8445423149149014	0.8290060138149136	-0.17647968448347595	-0.5306636882464446	0.1635469850262517	0.9839248220234933	-0.07172397294391486
113														8.473595939631696	-5.053823605428914	-0.6265513334887455	0.5352102590268817	-0.026753838308411382	0.8442950969703342	0.8288009056713883	-0.17648914763126944	-0.5309808278334303	0.1632146972262763	0.9839389274259636	-0.07228519699896807
114														8.411069164809712	-5.110303688846279	-0.6733713778583076	0.5355852448171254	-0.026263207866354443	0.8440726801921432	0.8286448921828125	-0.17631541158492575	-0.5312819574359482	0.1627761904994532	0.9839832923125302	-0.0726690598279546
115														8.342608342591634	-5.138445429087973	-0.6191454614945225	0.5359480452222647	-0.025709665228254186	0.8438594112387943	0.8285571783880041	-0.1758112075924212	-0.5315857611210104	0.16202683408664992	0.9840881222729729	-0.07292374535850144
116														8.35455688126301	-5.090583905318335	-0.5929132583445215	0.5363655780212485	-0.024952544295534784	0.8436168189688442	0.8285314407992841	-0.1748406852361066	-0.5319458491173997	0.1607719450681449	0.9842805013406232	-0.07310455772150806
117														8.408376859190605	-4.994828522267134	-0.6311961751468567	0.5368291048965899	-0.02442207000601826	0.8433374618932495	0.8284410489052039	-0.1739340460879133	-0.53238367377328	0.1596870083155565	0.9844544225651636	-0.07314061298019459
118														8.414598001184574	-4.970894722261199	-0.5792863434669745	0.5372308226017908	-0.023802434352379442	0.8430993342219553	0.8284041291905415	-0.17298383473792206	-0.5327505904824735	0.1585233168548532	0.9846370077537531	-0.07321421293076816
119														8.427894889253636	-4.947509087303453	-0.5510290260084183	0.5376753839126361	-0.02345322541241257	0.842825680524837	0.8282442756059317	-0.17245004892164897	-0.5331720177887498	0.1578499333557205	0.9847390145844106	-0.07329714656737416
120														8.407435408625597	-5.049365724453706	-0.5545553861846196	0.5380407099576686	-0.022882041438245515	0.8426082165561087	0.828189027905331	-0.17171041178517293	-0.5334964559786587	0.1568920918512804	0.9848816917093061	-0.07343653620878804
121														8.42785653895911	-5.026416273630481	-0.5497799506656212	0.5384061635294857	-0.022526263242283684	0.8423843365933397	0.8280734288730827	-0.17120673340415613	-0.5338376633691695	0.15624723827267234	0.984977574313963	-0.07352536045981153
122														8.41282316925599	-4.959610930117986	-0.6074635874202652	0.5388174354247679	-0.022106073926837055	0.8421324674763573	0.827964802672375	-0.1705114042660959	-0.534228552728979	0.15540288548791997	0.9851077009701761	-0.07357146642063903
123														8.478528753764246	-4.910094241850921	-0.5899914379913782	0.5392259053253551	-0.021709659519423774	0.8418812943103096	0.827817567497628	-0.17005143584870447	-0.5346032024858289	0.15476917641559473	0.9851960210279702	-0.07372450191282312
124														8.460646659413683	-4.81077251902276	-0.4721596011034994	0.5396715992446361	-0.02141215042754463	0.8416032823027751	0.8276117892123448	-0.1697470370416163	-0.5350183826489825	0.15431555762617677	0.9852550244630371	-0.07388670682106346
125														8.47202852770679	-4.81647160007888	-0.520559617055626	0.5401894132241304	-0.021508792234486873	0.8412685479067805	0.8272252901310263	-0.17004979520566688	-0.5355197349474151	0.15457592700096828	0.9852007100114798	-0.07406648219449141
126														8.48023170443007	-4.842019504917137	-0.4679232802621628	0.5406751647511343	-0.021574962477456383	0.8409547474242773	0.8268221571201009	-0.17060416488472174	-0.535965800606018	0.15503382442743557	0.985103415849363	-0.0744027779408809
127														8.416564494539891	-4.8999690505191555	-0.5127184625217684	0.5411056049439502	-0.02167943072643519	0.840675161154188	0.8263913627542897	-0.17152822036479679	-0.5363351425961141	0.15582695486773174	0.9849406438470615	-0.07489918714369656
128														8.429532281508834	-5.006562939333142	-0.6361243534851648	0.5415259344809998	-0.02179803769946237	0.8404013968556534	0.8259518277113349	-0.1725317739618139	-0.5366901948740032	0.15669473694028752	0.9847627290500199	-0.07542630104394438
129														8.362665559256964	-5.135580422636589	-0.6548181307261882	0.5418759538115163	-0.02202147663131865	0.840169926412411	0.8255525280635423	-0.1734898631871463	-0.5369956152327501	0.15758640197921253	0.9845894179495746	-0.07583009938648702
130														8.308152559782464	-5.164692988295478	-0.6463796105510812	0.5422098756645635	-0.022106368177062075	0.8399522362717058	0.8252714432190067	-0.1738572976898048	-0.5373087427608236	0.15790977087893227	0.9845227008688116	-0.07602338939395131
131														8.321480994872518	-5.192942560716862	-0.6927748437062486	0.5424417982872223	-0.02222580202023411	0.8397993267415029	0.8250916126465366	-0.17397671296506334	-0.5375462157677322	0.15805292218513955	0.9844989167441622	-0.07603391820963123
132														8.320006489771117	-5.117909454723776	-0.618281890115897	0.5426224680498126	-0.022259250404619124	0.8396817152582012	0.8250098100196179	-0.17374417958656937	-0.5377469418148134	0.15785965456355355	0.9845392251359083	-0.07591339558906021
133														8.339420286007613	-5.045003927405533	-0.6126969973719181	0.5427667272455519	-0.02247268683210718	0.8395827881404545	0.824938382822644	-0.17347654888092098	-0.5379428887292097	0.15773694665839805	0.984581568654884	-0.0756187167569922
134														8.306338972215904	-4.99821095746567	-0.5960835486745102	0.5429194567512917	-0.022425763656416076	0.8394852879028376	0.8249128800025243	-0.17305427085306266	-0.5381179793924907	0.157344221015023	0.9846569476035513	-0.07545522943596553
135														8.34293692444904	-4.999575752516679	-0.6347386513994243	0.5430569286087972	-0.022426248996629927	0.8393963519374621	0.8248511552188812	-0.17288858751178796	-0.5382658339912119	0.15719333326848117	0.9846860411644509	-0.07539002793356839
136														8.332817383261842	-5.003443549039242	-0.6875709642487442	0.5431818378009492	-0.022276964598793414	0.8393195028899586	0.8248452843189351	-0.17251866525991755	-0.5383935057871252	0.1567920534338333	0.984754307929242	-0.07533395645259422
137														8.364420445670481	-4.975590636520033	-0.6268083208851788	0.5432272683709156	-0.02233099001523442	0.8392886641574593	0.8248690574470271	-0.17215133752264414	-0.5384746559083515	0.1565093382668461	0.9848173657456005	-0.07509715814310011
138														8.347727160864428	-4.978296740996354	-0.6551061407600883	0.5432573606811361	-0.022481536962641546	0.839265167013122	0.8248399006200763	-0.17211670535284201	-0.538530387335335	0.1565585462720862	0.9848199938233791	-0.07495999836506592
139														8.31965964288575	-5.027577190292813	-0.6345786725370484	0.5432597131139429	-0.022756310046778916	0.8392562388570082	0.82478242045224	-0.17229212765806376	-0.5385623284820447	0.1568529343694307	0.984783008129259	-0.07483036736236662
140														8.382558540736204	-5.075129235825099	-0.6637235930704137	0.5432479755370745	-0.022882757001063958	0.8392603985098426	0.8247908636177492	-0.1722052648036471	-0.5385771793035726	0.15684918988492402	0.9847952712142435	-0.07467667257254448
141														8.382783808147776	-5.0750169580766	-0.661734099027292	0.5432519670689002	-0.023095949159493978	0.8392519749206391	0.8247838114106985	-0.1720966397773675	-0.5386226981962243	0.15687244726405086	0.9848092829120578	-0.07444267310908764
142														8.389930909823466	-5.075716884787163	-0.6829927740525362	0.543231038074641	-0.02316137578236288	0.8392637189490653	0.824829216106483	-0.1718538218011941	-0.5386306974073125	0.15670610559104708	0.9848501482988117	-0.07425215058364301
143														8.389282044281755	-5.051008424634422	-0.6817082518816813	0.5431298677340345	-0.023203673409776582	0.8393280266472125	0.8249469072380315	-0.1714947552421458	-0.5385648978190505	0.15643703849669982	0.9849117414594721	-0.07400212511579068
144														8.435607158879511	-5.023314264480491	-0.6664297555930674	0.543045623364195	-0.02333324912401269	0.8393789432850398	0.825027182036542	-0.17124645234436126	-0.5385209387389809	0.15630610943221573	0.9849518831114479	-0.07374407168970973
145														8.43510728435132	-4.998339776883564	-0.6651126947939962	0.5429749956109882	-0.023618738005684925	0.8394166482482148	0.8250352989331106	-0.1712975192178231	-0.5384922612481756	0.15650849707156866	0.9849361985046744	-0.07352397717452752
146														8.405351715563466	-4.998189811398415	-0.6465804774846009	0.5428925989727187	-0.02387922224428729	0.8394625713667374	0.8250323978183218	-0.17148096270856764	-0.5384383177102955	0.1568093381492221	0.9848979958216743	-0.07339461353295715
147														8.38680014048999	-5.096246736570807	-0.6470351850992728	0.542861165340373	-0.024226977662580418	0.8394729350721375	0.8249671635845001	-0.17179348283643248	-0.5384386485592146	0.1572607203742789	0.9848350383735672	-0.07327354924594309
148														8.31961330666829	-5.0959661660942785	-0.5896607423824782	0.5428680649664941	-0.02432088719755371	0.839465757780184	0.8249328437227212	-0.1719203645644387	-0.5384507327468087	0.15741685864950727	0.984810582139507	-0.07326697700169349
149														8.339397205331915	-5.073979014421725	-0.6612344633974521	0.5429321744195751	-0.024527989350661417	0.8394182698264592	0.8248013242392549	-0.17235216779923662	-0.5385141648908368	0.15788422819649756	0.9847299670434112	-0.07334481913181506
150														8.369840218746152	-5.073176806212047	-0.6782479932022639	0.5429386515860224	-0.024512946328482832	0.8394145198150017	0.8247864884407128	-0.17242842088622057	-0.5385124772522208	0.1579394475727678	0.984716992405931	-0.07340010740746672
151														8.35885221334494	-4.97458241084344	-0.6592773523779804	0.5429304946144752	-0.024664435168929133	0.8394153582437471	0.8247618114154848	-0.17251762293836106	-0.5385217026326286	0.15809627588380792	0.9846975857660536	-0.07332279412417217
152														8.32761910156898	-4.950602755365435	-0.6431133042103738	0.5429505153317549	-0.024808017456440845	0.8393981773692758	0.8247082223067659	-0.1726791075028123	-0.5385520159572756	0.15830693592068346	0.9846656732627133	-0.07329683443022289
153														8.314726956004547	-4.973434740781257	-0.5953799021140342	0.5429858509454903	-0.02484061021721312	0.8393743561469096	0.8246170364791756	-0.17308386195379352	-0.5385617140861972	0.15866035680441537	0.984593784672236	-0.07349809768625973
154														8.37739316058111	-5.021081225494582	-0.6276015599335331	0.5429996451610534	-0.02483388323630248	0.8393656316518904	0.8245399908932813	-0.17351088772641343	-0.5385422687757206	0.15901317169555085	0.9845187911278275	-0.07373982060951614
155														8.397185011149594	-4.998934502733621	-0.7000186067175557	0.5430024931036616	-0.025129800876246777	0.8393549818706796	0.8244231328781624	-0.1740318605480608	-0.5385530702628448	0.15960824057223483	0.9844193235720747	-0.073782144990066
156														8.316542798953467	-5.074174777564703	-0.6703263325462334	0.5429860255501819	-0.025398398577608616	0.8393575503960817	0.82432751306304	-0.1745132919306829	-0.5385436492493628	0.16015719548156937	0.9843271977798896	-0.07382168005585618
