// Start Time: 1748432634.6645443
// Update Rate: 100Hz 
// Filter Profile: 46.1 human
// Option Flags: AHS Disabled ICC Disabled 
// Firmware Version: 4.0.2 
PacketCounter	SampleTimeFine	Year	Month	Day	Second	UTC_Nano	UTC_Year	UTC_Month	UTC_Day	UTC_Hour	UTC_Minute	UTC_Second	UTC_Valid	Acc_X	Acc_Y	Acc_Z	Mat[1][1]	Mat[2][1]	Mat[3][1]	Mat[1][2]	Mat[2][2]	Mat[3][2]	Mat[1][3]	Mat[2][3]	Mat[3][3]
0														8.666254163737344	3.8963706397032185	2.093468116845798	0.09803585202865017	0.45313458499774506	0.8860349990807015	-0.6363689828765757	-0.6559665279177052	0.40588475197304946	0.765129720602755	-0.6036364486431488	0.2240525574945267
1														8.66237657998211	3.865386215369263	2.066705951110238	0.09724680195386948	0.45312846105448895	0.8861250799363117	-0.6363068327210768	-0.6563032244237172	0.40543765518696306	0.765282087953335	-0.6032749583675935	0.22450534618213863
2														8.731512625354219	3.88526559522655	2.0610688885728905	0.09653998621283139	0.45315740925380354	0.8861875611293621	-0.6360622278350079	-0.6567373644854121	0.40511834864681395	0.7655748646498217	-0.6027805542045428	0.22483489517704178
3														8.701923551844157	3.909880343177374	2.101523260454998	0.09593433682575464	0.4531995221227473	0.8862317959571951	-0.6359303621352798	-0.6570397244477536	0.4048349972669254	0.7657605223124878	-0.6024192839255174	0.22517066598998262
4														8.683041379040015	3.9312362815715782	2.08783566825788	0.0953612769572591	0.45322846636242853	0.8862788410742085	-0.6355648405835349	-0.6575195961580839	0.40462984823432935	0.7661354712262755	-0.6018736893625369	0.22535416965750066
5														8.649586426957217	4.003071438622617	2.088921510663425	0.0948528286416041	0.4532002997111798	0.8863478037657587	-0.6351423206703865	-0.658046318153884	0.4044369860158116	0.7665488721484907	-0.6013189931357686	0.22542913543298448
6														8.65443934305338	4.052594976004416	2.121452636259673	0.09446674085513668	0.45318937496741746	0.8863946216493249	-0.634951995403173	-0.6583386522816919	0.404260043097824	0.7667541968621608	-0.601007162460288	0.22556239107106396
7														8.597282688538751	4.072484602603997	2.0764701500633427	0.09418734870493961	0.4530987218922808	0.8864706941368761	-0.6349767479647432	-0.6584604205411982	0.4040227767401564	0.7667680698151509	-0.6009421126866455	0.2256885116962272
8														8.654928321336762	4.024921303968483	2.1267601783800623	0.09403304888955932	0.4530247031024671	0.8865249032573511	-0.6350947412173064	-0.6584567699265662	0.403843226779893	0.7666892821702002	-0.6010019139044358	0.22579690894374232
9														8.631616930968887	3.9710232932697855	2.082597525125023	0.0939174624689526	0.4528580934086175	0.8866222744087273	-0.6353517449789337	-0.6583723830522012	0.40357646783031037	0.7664904894358553	-0.6012198869535814	0.22589151629909807
10														8.65151254148408	3.969953789277158	2.098613362771608	0.09385874748974654	0.4526811820699662	0.8867188296858219	-0.6355021529607202	-0.6583558451560912	0.40336657612040394	0.7663729830193291	-0.6013712069500388	0.22588741078136307
11														8.636417622194543	3.896851476462433	2.1235504487531585	0.0938338072898548	0.4525317218265644	0.8867977544796651	-0.6355940390001368	-0.6583606075118733	0.40321399785236994	0.7662998330921026	-0.6014784711170328	0.22584998247893143
12														8.63706729440345	3.920259001582345	2.1217510771608494	0.09387257797002535	0.45238555260069924	0.8868682263467453	-0.6355870978265403	-0.658418672054832	0.4031301196462352	0.7663008418249961	-0.6015248657268559	0.2257229623467463
13														8.622387445721223	3.921356271181097	2.140161791223563	0.09396220689283213	0.4522499239351824	0.886927905737806	-0.6355576106304158	-0.6584714858754805	0.4030903445366727	0.7663143136113181	-0.6015690389220165	0.22555944707516934
14														8.642442501534555	3.97074483314598	2.150462926443942	0.09409820913008765	0.4520677156806063	0.8870063739781293	-0.6355252360354899	-0.658531183613729	0.4030438618442613	0.7663244752717644	-0.6016406407878541	0.22533383667757326
15														8.623965879774385	3.993948139108337	2.1319765347407005	0.09428421346989035	0.45183272128134205	0.8871063516117227	-0.6356037029990359	-0.6585099673485696	0.40295478113120753	0.7662365299463852	-0.6018403566412633	0.22509945644900914
16														8.673920933348231	3.9914817431327076	2.106706398982256	0.0944745517870908	0.45159395820133097	0.88720767353573	-0.6356246189955607	-0.6585340658464623	0.4028823995243216	0.7661957339945037	-0.6019931735790542	0.2248295269150431
17														8.67897255877118	4.0178589574024235	2.137251675866443	0.09471075199023882	0.4513620054928474	0.8873005203734071	-0.6357531990397804	-0.6584540397369287	0.4028103120139866	0.7660598823643813	-0.6022546118973227	0.22459216166259352
18														8.698742642301573	4.018540449341197	2.150515451500138	0.09492164114448803	0.45116395443838575	0.8873787062229717	-0.6358060442623769	-0.6584271137101538	0.4027709150506582	0.765989919073264	-0.6024324212281691	0.22435378697784508
19														8.67370437174141	4.047963546610994	2.2196079320541133	0.09517557532736598	0.4509037253970377	0.8874837690257652	-0.6359514600267308	-0.6583401409628514	0.4026834976589955	0.7658376788530153	-0.6027222322264922	0.22409498082049964
20														8.723977930940071	4.069470192369325	2.192820511240891	0.09545748934967363	0.45061981625155223	0.887597684161284	-0.636210619646858	-0.6581641713114168	0.4025617605418045	0.7655873008191934	-0.6031266076068719	0.22386241314925698
21														8.758647943700813	4.019105056500906	2.190722208492422	0.09576056330099408	0.4503234290930111	0.8877154520037309	-0.6367029488322806	-0.657802046195618	0.40237522658475927	0.7651400325852482	-0.603742724370878	0.2237307607475456
22														8.758337616441295	3.8963060024409546	2.1981745002301447	0.09603161308878466	0.4500717323993498	0.8878138121152506	-0.6370039909235466	-0.657581464689779	0.40225928559067275	0.7648554404820818	-0.6041705495896771	0.2235488809488152
23														8.758724203405327	3.8713958467079825	2.1984820874186206	0.0962936775126827	0.4498418100000412	0.8879019504691779	-0.6371772698052731	-0.657454884090038	0.40219174808746755	0.764678137855779	-0.6044794631433243	0.22332022775238433
24														8.744595052442005	3.921645580042998	2.2123897672055657	0.09654077712835063	0.449657538488564	0.8879684546378103	-0.6371671785207249	-0.6574578409052465	0.4022029015909154	0.7646553896804716	-0.6046133355398461	0.22303553420921243
25														8.71486473487274	3.9251987243790167	2.2487430091298233	0.0967885800093799	0.44951311229349045	0.8880146016006649	-0.6371091035479778	-0.6574804253030675	0.4022579775710975	0.7646724533786085	-0.6046961652098657	0.22275229925732007
26														8.699947525815055	3.9274926246305073	2.2662505128141883	0.09698915845104078	0.44941398571697005	0.8880428889332688	-0.6370722176368313	-0.6574826428789192	0.40231276866169885	0.7646777704747594	-0.6047674294759423	0.22254047628872486
27														8.680693157233875	3.927569643675637	2.24954572740992	0.0972781967984328	0.44927833697473896	0.8880799110175043	-0.637065729261474	-0.6574456506780656	0.40238348997572115	0.7646464601554052	-0.6049084164811297	0.22226470399525974
28														8.714494295186697	3.879579762452941	2.246645211627942	0.09757778867272854	0.44918767173898705	0.8880929065787246	-0.6370138288549411	-0.6574203881981283	0.4025069130201235	0.7646515265173459	-0.6050031972966171	0.22198913094014847
29														8.695212413980103	3.9045588910483833	2.2281274751423363	0.09784656718160345	0.4491277525647148	0.8880936387380248	-0.6369313501083149	-0.6574164074863199	0.40264391516199677	0.7646858861911708	-0.6050520052391781	0.2217376071307583
30														8.699325305976435	3.9330137894489416	2.2590526042756043	0.09811498588255074	0.4491152480537929	0.8880703482893952	-0.6368632380827374	-0.6573796579516313	0.40281162010320376	0.7647082224770689	-0.6051012140766016	0.22152619528846987
31														8.694860165460497	3.9812546718703503	2.2201650712060483	0.09839378606582455	0.4490891913627692	0.8880526792171548	-0.6368355530529064	-0.6573132949119296	0.40296365927937167	0.7646954565259503	-0.6051926391928085	0.22132041983380502
32														8.713431321120721	3.9595575941878858	2.235770630748892	0.09867919987520907	0.44906957694243904	0.8880309288401658	-0.6368886134969847	-0.6571776621084365	0.4031009977953143	0.7646144842401803	-0.6053544709427926	0.22115753434982652
33														8.702225958724986	3.964974808584853	2.2885184875793194	0.09892428778332019	0.4490813539752082	0.8879977042753868	-0.6369297649584923	-0.6570516205903264	0.4032414194865728	0.7645485333165472	-0.6054825392952469	0.2210349176308963
34														8.71167576723976	3.8897044667519056	2.2400600149348504	0.0991259261603265	0.4491325609103465	0.8879493192142055	-0.6369820038779217	-0.6569144477687929	0.40338236829128865	0.7644788927750227	-0.6055933875487209	0.22097210561231426
35														8.7112244074542	3.940139199922159	2.236687252566372	0.09932059014438815	0.44923206418213335	0.8878772284972909	-0.6369312012970411	-0.6568394019478708	0.40358474309997405	0.7644959549845107	-0.6056009846090274	0.22089224126912604
36														8.710357616432354	3.9419365778081774	2.2368959849120573	0.09949255322210943	0.44931976052340844	0.8878135979227464	-0.6369673111663523	-0.6567089831939612	0.40373996073940993	0.7644435076307814	-0.6056773598175351	0.2208643462526423
37														8.709825155841713	3.9922612039383636	2.2339191929649744	0.09972107499816463	0.4493830025817066	0.8877559485533506	-0.6371933173377989	-0.6564187029334659	0.4038553735920772	0.7642253486644242	-0.6059450498434615	0.22088506746483236
38														8.713089298982624	3.947215107391317	2.272096032808501	0.09988088461091876	0.44943595568585526	0.8877111752287915	-0.6373293816920745	-0.6562290380528871	0.40394889385685945	0.7640910077479895	-0.6061111872857358	0.22089400291935815
39														8.757163746227967	3.9195719306780057	2.2169951329775666	0.09998906960986642	0.4494861058475962	0.8876736036452347	-0.6374868279098266	-0.6560422298972846	0.4040038822002407	0.7639455021138751	-0.6062762021070613	0.22094441961411304
40														8.766759999307617	3.8681403439401043	2.1681787631652654	0.10003233588388993	0.4496017996913555	0.8876101359785767	-0.6375219867927651	-0.6559460319239347	0.40410458987624764	0.7639104974625094	-0.6062945034531808	0.2210152188177159
41														8.76632127660863	3.917985728544511	2.1656725195090702	0.10007790292357938	0.44965600716916726	0.8875775394652013	-0.6374786429497578	-0.655939282843847	0.40418391482744054	0.7639407000084198	-0.6062616039623342	0.22100107337219843
42														8.770329491737748	3.969956046322751	2.1971372480541866	0.10001204313551088	0.44973488406469386	0.8875449990187416	-0.6373553383773137	-0.6560249940129652	0.4042392606764339	0.7640521997022203	-0.6061103375505209	0.22103052921393687
43														8.705726262310172	3.998218195466268	2.2392365043462976	0.09992102975024508	0.44981671343937923	0.8875137813714483	-0.637235823187296	-0.6561153911402263	0.40428096561143956	0.7641637870643051	-0.6059517454546229	0.22107959815423053
44														8.681526736172405	3.9462682181725284	2.1947881451384856	0.09979568382108173	0.44983742452510755	0.887517387428157	-0.6372070229317928	-0.6561740619645853	0.40423113478713957	0.7642041817584386	-0.6058728347611527	0.2211562268655361
45														8.681188724188404	3.9216434703463476	2.1977594429656926	0.09966594915247545	0.4498230785334524	0.8875392366527932	-0.6371711889604424	-0.6562558398325453	0.40415485725698774	0.7642509892295015	-0.605794908120205	0.22120794460724083
46														8.723527950725217	3.8769416079117334	2.2664610677853947	0.09952122175367184	0.44984777291022965	0.8875429610043467	-0.6370843108022306	-0.6563656766720612	0.404113448695381	0.7643422710738322	-0.6056575597600793	0.22126864431085286
47														8.714851084800266	3.8964972857942084	2.197538947681221	0.09934175394912298	0.44986804571742145	0.8875527913114236	-0.6368831982028283	-0.6565804794731972	0.40408150888364464	0.7645331959890613	-0.6054096261351765	0.2212875432861441
48														8.699533746218915	3.8981649239765948	2.2176149073925107	0.09921762929622402	0.449914086886102	0.8875433377916156	-0.6366857082260342	-0.6567605921262777	0.4041000291643816	0.7647137836978944	-0.6051800054953781	0.2212916400839938
49														8.698757584724378	3.8254619617433314	2.223486347803015	0.09905356858920705	0.44996459832144986	0.8875360560603496	-0.6363219685544549	-0.6570843819755114	0.4041465913487879	0.7650377395166379	-0.6047908524616399	0.22123580608481147
50														8.698411585308692	3.8258546346881457	2.2241642201486567	0.09889130486409226	0.4500185287632199	0.8875268072526397	-0.6360449501356849	-0.6573371124619694	0.4041716739048573	0.7652890507704728	-0.6044760080846445	0.22122708790037773
51														8.65938295549899	3.824878604316204	2.1946374094669947	0.098756492755525	0.45011558282793107	0.8874926012278075	-0.6356726458365507	-0.657635292292624	0.40427232117268963	0.7656157276818361	-0.604079286539993	0.2211804084894179
52														8.69763880909789	3.901319767869961	2.219499146084775	0.09861525359124101	0.45023557703657036	0.8874474389673352	-0.6352213240189105	-0.6579872289634934	0.4044090454386573	0.7660084211487481	-0.6036064377485468	0.22111166192155557
53														8.720626065241817	3.9550136441001937	2.2654186172954387	0.0984793082266423	0.4503387084779826	0.8874102058786475	-0.6349368264777262	-0.6582131111390214	0.4044882281440129	0.7662617387248267	-0.6032831407979772	0.2211162585504115
54														8.711254437369956	3.9271993772412706	2.1993225513090433	0.09839608866454441	0.4504467233198094	0.8873646145671834	-0.6346597858419215	-0.6584117542137701	0.4045997011222724	0.766501902131107	-0.6029856643101832	0.22109527960994924
55														8.72514460533645	3.8539905999429234	2.1859182234774734	0.09834759404807258	0.45052182673814806	0.8873318625956569	-0.634496502415223	-0.6585233184531537	0.40467422388421936	0.7666432933038706	-0.6028076995908136	0.22109033933265163
56														8.705162868306788	3.854515153002186	2.171218794105104	0.09829799382102233	0.4506411541676178	0.8872767632375143	-0.6341825701858367	-0.6587334042118953	0.40482436913789466	0.7669093636690381	-0.6024888815122528	0.2210365932846098
57														8.719607820706463	3.878950346263262	2.150348246936551	0.09815470977592528	0.450730865442433	0.887247056848497	-0.633742910050007	-0.6590889837866911	0.4049341124335863	0.767291064010362	-0.6020327220247608	0.22095480239475332
58														8.665749581530317	3.928656907841949	2.1357212881553735	0.0980521051712075	0.45082339421997153	0.8872113907606681	-0.6333014646579351	-0.6594296278819296	0.4050701429797243	0.767668574017205	-0.6015902534910986	0.22084865263548042
59														8.729636782889788	3.9754328849499188	2.0896195051669624	0.09790482605262602	0.450962160075999	0.8871571310738556	-0.6329346578633819	-0.6597062305341442	0.4051930506188307	0.7679898201870704	-0.6011828503658597	0.2208411567507551
60														8.675139332625859	3.976606650951531	2.0797104408342553	0.09769031072547885	0.45118410083116167	0.8870679288236814	-0.6325553974618916	-0.6599782110976103	0.4053423614899218	0.7683295336847256	-0.6007176275369104	0.22092546171557037
61														8.678484808737286	4.053736922802788	2.110499502751567	0.09741440628857395	0.4514664334100852	0.8869546171881749	-0.6323186102239898	-0.660132763546733	0.40546012092011624	0.7685594372667913	-0.6003355678253042	0.22116418650410585
62														8.68130995718167	4.081918263270823	2.146353378789982	0.0971289984239751	0.4517875181543433	0.8868224152022176	-0.6322615159311951	-0.6601324483563333	0.40554965922739994	0.7686425262354034	-0.6000943168094595	0.2215298575710403
63														8.70547387581319	4.003917977091997	2.0841164063603137	0.09678902591558475	0.45209658500499217	0.8867020707594718	-0.6322766568864703	-0.6601006467222532	0.40557781664352766	0.7686729562166085	-0.5998965027600062	0.22195961875425205
64														8.764196795101869	3.9736272390749794	2.0153872378879454	0.09640634333395293	0.45247002538149816	0.8865532657975168	-0.6325258854991334	-0.6598719285306067	0.4055613912970946	0.768515986260867	-0.5998665802231062	0.22258316376788814
65														8.751413096323288	4.02670465104299	2.0731543974346818	0.09587898126376004	0.45304151503329476	0.8863185694817413	-0.6328523577417366	-0.6595439556968063	0.4055855813568005	0.7683131615770671	-0.5997959287625632	0.22347198837282875
66														8.729606230351642	4.026151642756497	2.0682658251350574	0.09540769001422805	0.45366903283014237	0.8860484080100319	-0.6334551547051178	-0.6589544287121089	0.4056027956735669	0.7678749505379532	-0.5999695571707461	0.2245096675082714
67														8.651315299411653	4.1070314273260715	2.169997256993226	0.09487197157797828	0.4543553234939581	0.8857542260817091	-0.6342291998310614	-0.6582268214358198	0.40557462152376894	0.7673021771704798	-0.6002488580207359	0.225718136963434
68														8.568420285187823	4.087120223498038	2.2456643670574192	0.0944030947195536	0.4549559704298592	0.8854959743994297	-0.6352483886735341	-0.6573218453460791	0.405447254668845	0.7665164971447445	-0.6007853665004248	0.22695683070553438
69														8.539294985985407	4.0911571228592765	2.3306578869667645	0.09404051875406072	0.45547395413880604	0.8852682406669902	-0.6363851679110948	-0.6563229193298784	0.4052827946324315	0.7656175931202437	-0.6014845822325512	0.22813592097979307
70														8.54772316910714	4.012847506183216	2.2941980188952034	0.09375680300137001	0.4559275048667505	0.885064840673802	-0.6374507964527841	-0.6553793220004367	0.4051350717920631	0.7647654176233876	-0.6021694567148256	0.22918508111807417
71														8.53397752680471	3.966713178726558	2.361102749514082	0.09351127935573522	0.4563140546371642	0.8848915889383542	-0.638408097820961	-0.6545364305019097	0.40499032307259075	0.7639965584149422	-0.6027931193091128	0.23010804862871218
72														8.497154768050043	3.918078158790384	2.3771439530485	0.093391282053233	0.4567565515168342	0.8846759412818362	-0.6391625410114647	-0.6537815182717406	0.40501971869782527	0.763380190078457	-0.6032770333874375	0.23088418391702678
73														8.544316672418548	3.9173152898065715	2.3611209519789904	0.0934430536528697	0.45712063211875775	0.8844824042429414	-0.6398360773467568	-0.6530633514843762	0.40511486404908525	0.7628094059786769	-0.603778921989946	0.2314580383376584
74														8.60260756859826	3.8656184170552086	2.2932661074375744	0.09347915007606367	0.4575695219437513	0.884246448163194	-0.640055009046318	-0.6526712314097773	0.40540084988164893	0.7626212912683301	-0.6038628952653179	0.23185851251574316
75														8.66456989502835	3.8667201673908007	2.2550909393458016	0.09365730369946434	0.458091355560845	0.8839573628994631	-0.6400832368783398	-0.652344730357813	0.4058815130573683	0.7625757400619907	-0.6038200582415418	0.23211974912550537
76														8.711214210475969	3.96826518854403	2.2280265195549793	0.0938775803895216	0.4586377723669291	0.8836506060986486	-0.6397938449253051	-0.6522425249452484	0.40650156783060637	0.7627914760246755	-0.6035156024589151	0.23220267374160244
77														8.719514060403029	4.068971511177472	2.1689684937627436	0.0942421772102861	0.4591700020518634	0.8833353390702519	-0.6393826883156932	-0.652189788277393	0.40723243725038233	0.7630912068140101	-0.6031677952961193	0.23212156470426573
78														8.666670145831166	4.24840581710678	2.180417460081046	0.09474846837410589	0.4596851591460282	0.8830131834812271	-0.6392148166475848	-0.6519000423991599	0.40795925396804955	0.763169146335827	-0.6030886246488686	0.23207103416880923
79														8.605817282849433	4.301436452408109	2.1317256277863033	0.09551660747659879	0.4601528401228372	0.8826867742427366	-0.6395143961186733	-0.6511659592060157	0.40866151119022437	0.7628223350513078	-0.6035248605469339	0.23207720234584475
80														8.609711061151657	4.2889583060340435	2.202192908735681	0.09646232277743982	0.46057675137203147	0.8823627804820231	-0.6399766780652368	-0.6502563395280455	0.40938556940391935	0.7623154673866752	-0.6041818840375578	0.23203314242552037
81														8.587131165789328	4.222104466908529	2.1918948991368175	0.0975525128338312	0.4609049566272604	0.8820714983470604	-0.6405815779570311	-0.6492221951506171	0.4100802156967512	0.7616683984660811	-0.6050431077867404	0.2319139678800688
82														8.561055624646785	4.104459011545572	2.1498393197951238	0.09881042408709184	0.46122993364468107	0.8817615598345463	-0.6412979245742292	-0.6480354459048251	0.41083699052996786	0.7609030634900318	-0.6060668355561601	0.23175314196452002
83														8.573076814824978	4.014310542011257	2.135283609504613	0.10019045300975105	0.4615458508741531	0.8814404691563433	-0.6418292472452048	-0.6469509764223477	0.4117154982349151	0.7602743521297786	-0.6069842350893675	0.23141531463284948
84														8.61935077901275	3.925690025768302	2.1149206813453105	0.10165713011932764	0.4619264070719399	0.8810731083999278	-0.6420382533161354	-0.6460577464942584	0.4127908301713194	0.7599030919628295	-0.6076457706956987	0.23089804715709994
85														8.626598148408792	3.9343679356218626	2.0558822589526926	0.10320093998072588	0.46234701196255024	0.880672928229542	-0.6417917044342182	-0.645477991309665	0.4140791842803274	0.7599032662823051	-0.6079419407016936	0.23011654140748458
86														8.610376569773832	4.000376161473519	2.0982670373385934	0.10483594071558844	0.46286332603151775	0.8802084792532497	-0.6411840629611891	-0.6451045579594011	0.41559969526527274	0.7601923591689538	-0.607945433994735	0.22915044478703042
87														8.581549979481228	4.085682680927481	2.0348394495469626	0.10661653379110808	0.4634057524818988	0.8797090560458353	-0.6404874267365237	-0.6447311338216969	0.4172500704294909	0.7605318999981497	-0.6079283458169015	0.22806655922675345
88														8.583832340727433	4.1308662716220566	2.0915231208477136	0.10842305211726927	0.46396083207722405	0.8791955346040977	-0.6397413750751394	-0.6443771291589586	0.4189380484437142	0.7609043401023187	-0.6078803021278678	0.22694960563611102
89														8.55848399946506	4.19510000387126	2.062649458575902	0.11034559465327809	0.46447371893068695	0.878685389751822	-0.6390360180966035	-0.6439621324300518	0.4206491882452379	0.7612206101491549	-0.607928397444006	0.22575705141880015
90														8.529706939142883	4.267491618162801	2.155516241569333	0.1123848266395247	0.46502779087815393	0.878133705338878	-0.638526767420404	-0.6433213927178635	0.4223992814378327	0.76134960302666	-0.6081831462499862	0.2246331288759846
91														8.527782771399485	4.286970020678298	2.17937390889193	0.11462581152469659	0.4655238799192237	0.8775810165205583	-0.6383427174410253	-0.6423656385253074	0.4241284729088358	0.7611698223276536	-0.6088135212582962	0.22353209592978357
92														8.527262801185945	4.233364298083348	2.2084650613200907	0.11686472296974232	0.466058339096401	0.8770018592248876	-0.6382051934129928	-0.6413486660273453	0.42587089556064917	0.7609446547718763	-0.609476425420745	0.22248981826245726
93														8.552588007234426	4.199648066719872	2.1636569333444036	0.1191758123369166	0.46651771261486336	0.8764464328014758	-0.638212891571101	-0.6402171375064031	0.4275585595863583	0.7605796676129926	-0.6103140508457127	0.22143922090272686
94														8.549963508404053	4.094318919699679	2.1617216441636673	0.12145095709963027	0.466929891444851	0.8759144601471558	-0.6381663736003655	-0.639159608704455	0.4292070295399723	0.7602587353166963	-0.6111067591477513	0.22035240933239159
95														8.576717081696138	4.184931698503144	2.1425618306132903	0.1236314170115348	0.4674531702320114	0.8753301127961741	-0.637838170325881	-0.6383052540968671	0.43096272584490064	0.760182702515029	-0.6115994900524171	0.21924489176391512
96														8.533682844700468	4.298979091350229	2.1305725868102385	0.12571830659834315	0.4679988200648977	0.8747411113031721	-0.637496775831925	-0.637481858334551	0.43268318790799787	0.7601268105980378	-0.6120408358207735	0.2182045991675329
97														8.605209135810592	4.362893727867989	2.055895746964557	0.1277051702503365	0.4685586923184618	0.8741533854788553	-0.6370272101151652	-0.6367891368410368	0.43439144647901995	0.7601892679222856	-0.6123335259922154	0.21716337140899053
98														8.583939899957498	4.38008843725534	2.0666166659499603	0.12959634434573297	0.4691309039570608	0.8735679609994021	-0.6367608136083789	-0.6359598866858798	0.4359939091080035	0.7600923981892053	-0.612757062365595	0.21630609962751574
99														8.558404117818025	4.394144587803486	2.044359416806649	0.13135758842717749	0.4697308958907348	0.8729822847047267	-0.6364330309961169	-0.6352137714570886	0.43755738093232743	0.7600645900314608	-0.6130712438183266	0.21551210866992637
100														8.520993854964503	4.458763884068323	2.072762450121345	0.13300294768682924	0.4701787934690666	0.8724919014401151	-0.6361847493024395	-0.6345225427390913	0.43891924941942373	0.7599863029434193	-0.6134435955553624	0.21472720929240044
101														8.494106405333794	4.5425682154448195	2.046127914688844	0.13458182184399642	0.47044912688068097	0.8721039801803196	-0.636108630699179	-0.6338053475447596	0.44006430368036153	0.7597720336911367	-0.61397752437762	0.2139580715466533
102														8.524326052458793	4.553881530278835	2.0353939195087816	0.13600354341827464	0.4706044688465776	0.8717995584303221	-0.6362240433949549	-0.6330526430253978	0.44097995165850035	0.759422150574928	-0.6146346760964511	0.21331247538754636
103														8.529070931714301	4.591149448627873	2.0970465672598952	0.13736753822908543	0.47061255218770526	0.8715813129962426	-0.6366570954560381	-0.6321380973037805	0.441666354551302	0.758813483173804	-0.615569047029275	0.21278356631353929
104														8.505930829787268	4.520104554399796	2.048934407933044	0.13859786042684047	0.47053984269127375	0.8714257796996674	-0.6372661753208693	-0.6311734364817227	0.44216729285618106	0.7580781324355776	-0.6166136144458083	0.2123798380333284
105														8.511323243346295	4.354397113671061	2.0565206813860244	0.1398067940130201	0.47036772631312723	0.8713255777209925	-0.6379569732474486	-0.6301981893613648	0.44256202097628394	0.7572746929831713	-0.6177414055805857	0.21196838254458417
106														8.534574597298723	4.2385144027741335	2.075514923932968	0.14097901358436254	0.47019330255660785	0.8712308396514044	-0.638624136583656	-0.6292552278865094	0.4429413847793832	0.7564946330950144	-0.6188344822393207	0.2115650105523881
107														8.567451343786907	4.143888394501486	2.0389279244307033	0.14205164105960483	0.4699969600038168	0.871162550193386	-0.6391166108448547	-0.6285049699899474	0.4432961317676048	0.7558778267778858	-0.6197453995675205	0.21110270178383436
108														8.55182879186476	4.148207845954877	2.0540164791901483	0.14301561431181875	0.46982032354925685	0.8711001077046678	-0.6393926924374123	-0.6279656538705312	0.4436621714960521	0.7554624536802932	-0.620425661251231	0.21059078788095867
109														8.519342736985323	4.201724772491588	2.0852227481895182	0.14387367957751912	0.46961998841746877	0.8710668348660751	-0.6394795868020251	-0.6276370797128766	0.44400175025894184	0.7552259412840219	-0.6209096251857181	0.21001194004959445
110														8.490303044453913	4.298807735013088	2.02565508948789	0.14481471646608668	0.46940401787165387	0.871027304911158	-0.6396884427812635	-0.6271805598183471	0.44434585804081433	0.7548691238002317	-0.6215339197436398	0.2094473502844512
111														8.498040440556295	4.330792583716223	2.087588003979365	0.14581177305733312	0.4690678543693655	0.8710420626096063	-0.6400934456263497	-0.6265989494160522	0.4445831052310551	0.7543336845879711	-0.6223737659863402	0.20888175532562922
112														8.509063817241572	4.306426738452095	2.030642449093362	0.14688388487854587	0.4687194085197761	0.8710495051602161	-0.6406317444409504	-0.6258800069332876	0.4448203962676761	0.7536684233650304	-0.6233589118622264	0.2083448454471821
113														8.56490949004554	4.263047347143859	2.038691600032026	0.1479528999396112	0.4682909991019274	0.8710990067492775	-0.6412860207431622	-0.6251046929230402	0.44496782185343703	0.7529025029835269	-0.6244578953345936	0.20782241928009085
114														8.573179718026434	4.194217264190835	2.072304591889245	0.1489989984390232	0.4679159525551566	0.8711222415990586	-0.6418497247963748	-0.6243843375645335	0.44516640684458303	0.752215547062799	-0.6254589197928984	0.2072990844372323
115														8.602585865094653	4.195830975549086	2.028395690866038	0.15007017316135352	0.46755528021621984	0.871132023902952	-0.6423632762580987	-0.6236853471892313	0.4454054434068014	0.7515639456774671	-0.6264252929467169	0.20674377358057758
116														8.587853637728433	4.199063683133295	2.0422125904029205	0.15109603760384815	0.4672002265345335	0.8711451863762416	-0.642609168955424	-0.6232241190616095	0.445696256877147	0.7511480835326916	-0.6271488226457584	0.20606045437978437
117														8.575529351830498	4.154053516199859	2.057719706202221	0.1521053863135164	0.4668383355252298	0.8711635437381718	-0.6426605917237102	-0.6229348027456298	0.44602645142815744	0.7509003364626675	-0.6277055042074243	0.20526686212819792
118														8.52557669006868	4.280500803274391	2.102400793937362	0.1531257495691553	0.46649197452914254	0.871170329223159	-0.6426618726902736	-0.6226740137966515	0.44638860865013	0.7506918290544502	-0.6282215455094406	0.20444918084603525
119														8.587678027731817	4.30937749967595	2.049548004288248	0.15416541019701058	0.46613173836475635	0.8711797913105179	-0.6426626775796173	-0.622411756525082	0.44675305056099945	0.7504783202364904	-0.628748604633372	0.2036111073262048
120														8.61468411310365	4.367513699906794	2.12202829554882	0.1552146056310788	0.46570078191165304	0.8712239711610688	-0.6427416782935553	-0.6221153796811353	0.4470521103278452	0.7501943489411071	-0.6293609743947196	0.20276390883428064
121														8.631899260587762	4.3217080819628935	2.0978235740069846	0.15617033945907516	0.4652941972257758	0.8712704144530898	-0.6428512471869452	-0.6218202777770122	0.44730505936721676	0.7499020596474097	-0.6299530555313952	0.20200507113246602
122														8.5575987077605	4.3438808497267685	2.0659596408027303	0.15713160058360703	0.4648810609668846	0.8713181159899853	-0.6430465656718973	-0.6214532398276096	0.4475343395599335	0.7495337046962011	-0.6306199091862478	0.20129022743868258
123														8.54442729527349	4.322558833003931	2.0806128164952193	0.1580593069662703	0.4645675861733086	0.8713175158106532	-0.6431009905014876	-0.6211672195553745	0.4478531024408014	0.7492919134071501	-0.6311325084536138	0.20058261458985238
124														8.596924294945868	4.352865517362493	2.082782638908184	0.15895168847515168	0.4641963976441551	0.8713530083411021	-0.6433025041138426	-0.6208014676233712	0.4480707823519949	0.7489300694535896	-0.6317651796441924	0.19994126351852284
125														8.561761359337043	4.377828959927076	2.081293291273879	0.15973972637384093	0.4638335984928437	0.8714020958932737	-0.6434887563068024	-0.6204887203320335	0.44823650949854643	0.7486023245520518	-0.6323386283075668	0.19935500702357487
126														8.59993331867581	4.407441818720793	2.1042859643471976	0.16050091455100907	0.46348449252734625	0.8714479798673911	-0.6437828893541697	-0.62008863319332	0.44836779362398027	0.7481865060284671	-0.6329867393327506	0.1988585930398931
127														8.584514497438617	4.43324656435838	2.1186535895810565	0.16118637431213134	0.46312607281020524	0.871512015648382	-0.6440738371634488	-0.6197281047543418	0.4484484011111452	0.7477886365930284	-0.6336018598938831	0.19839566054062663
128														8.55891507060361	4.454459234225545	2.065660581198742	0.16181982222548474	0.46277863688817084	0.8715791865199851	-0.6445023924812783	-0.6192670199421785	0.4484696467965718	0.7472824173100963	-0.6343061494671638	0.19805225958650183
129														8.581691775526668	4.407713248764394	2.079900174059166	0.16239726465438498	0.4624144670794924	0.8716650670230862	-0.6449031653320395	-0.6188615265779085	0.4484532509263095	0.7468112450796979	-0.6349671421083523	0.19771113439880364
130														8.565293976275477	4.357043588327187	2.0657839835487066	0.16292886761820907	0.4620749733242405	0.8717458936662966	-0.6454078295600637	-0.6183739509964763	0.44839981073989643	0.7462592831176141	-0.6356888985631334	0.1974758380267686
131														8.588244950819071	4.309606487412315	2.0807684497536227	0.16335822590566884	0.4617341455588076	0.8718461268217181	-0.6457758766087504	-0.6180472612060393	0.4483203097183028	0.7458469060196962	-0.6362540072493004	0.19721366849195507
132														8.588969298261476	4.309151960573896	2.0787189866041254	0.1638018693403071	0.46141017684592156	0.8719343990826585	-0.6460984269695087	-0.6177437760727463	0.4482738557967788	0.7454701672556372	-0.6367835392238089	0.19692880415381678
133														8.598747589649443	4.306937374245646	2.022775530534128	0.16418673509440823	0.4611393129491069	0.8720053039241589	-0.6463326861133302	-0.6175137180723512	0.44825312810284845	0.7451823769256534	-0.6372027479894345	0.19666184956454358
134														8.58475385233602	4.4064692766982265	2.069875389375125	0.16450658657539036	0.46090393087823317	0.8720694636749449	-0.6464732109531742	-0.6173738640461008	0.44824312544943606	0.7449899130144018	-0.6375084928797254	0.19639997712070814
135														8.515596006415613	4.427815645473626	2.0777402366587743	0.1647307146394592	0.4607111499967921	0.8721290202275164	-0.6465021757716723	-0.6173495640684632	0.44823481844561486	0.7449152491235952	-0.6376713510995402	0.1961543260038387
136														8.477687456827205	4.400286708704996	2.0490712622427454	0.16506649374768279	0.46054648237088874	0.8721525039909294	-0.6467576563324855	-0.6170675802838307	0.44825454301988954	0.7446190882707467	-0.6380631151684447	0.19600478168754754
137														8.493499771195392	4.3758190398365535	2.030080841598194	0.16540495460791027	0.46034509933765266	0.8721946975916334	-0.6472400055522659	-0.6166082541972334	0.4481904015801116	0.7441247047396403	-0.6386522139409253	0.19596370435490462
138														8.492297705664193	4.300743024352636	1.99933137721964	0.16576313706565748	0.4601695240749588	0.8722193482735742	-0.6476586379050882	-0.616180841423813	0.448173470220146	0.7436806244195678	-0.63919103543062	0.19589269789365274
139														8.511926860598695	4.302610394168332	2.0135991370648525	0.16611670935040013	0.46002624575755213	0.8722276606992044	-0.648032313731725	-0.6157768241238262	0.4481886022998365	0.743276098925629	-0.6396833248461196	0.1958210526978956
140														8.513010914189845	4.278726561164973	2.0147671420035036	0.16648669566294078	0.4599263162451121	0.872209816381607	-0.6484215050058979	-0.6153292605399305	0.44824039640495217	0.7428537756605413	-0.6401856642791868	0.19578197883946033
141														8.597617121349261	4.234312074726704	1.9865493399728782	0.16696791554851587	0.4598661767884681	0.8721495368475186	-0.6488879557469523	-0.6147445211788207	0.4483677001827449	0.7423382895041352	-0.6407903503694324	0.19575901207733742
142														8.586353769794588	4.163333654429214	2.009331471738838	0.16743380461581875	0.45988325105030553	0.8720512120714429	-0.6491238414370674	-0.6143250990721401	0.44860106010573514	0.7420270611978083	-0.6411802149578588	0.19566239392570356
143														8.543408960957862	4.142101668147312	2.0686789697443224	0.1679585429340889	0.45989845829395964	0.87194227785691	-0.6492497653142122	-0.6139749821836846	0.4488980546760975	0.7417982677890925	-0.6415045824554828	0.19546662271016635
144														8.48826990137724	4.1424923068838835	2.057865783629164	0.1685208507022798	0.4599590701676711	0.8718017989480593	-0.6491658817234262	-0.613765791040286	0.44930525453742454	0.7417441478601821	-0.6416612872218368	0.19515740210401666
145														8.498965069574565	4.126231355195434	2.1236878894665536	0.1692314109555812	0.45989915858094776	0.8716957574076634	-0.6490513040527417	-0.6135787943274633	0.4497259919763282	0.7416826371524543	-0.6418830322482385	0.1946613435132618
146														8.574021691537775	4.1871006488109	2.172679140910772	0.17000547353161666	0.45974020642875824	0.8716289815983247	-0.648470904258775	-0.613817275920865	0.4502375352087989	0.7420132244772304	-0.6417688792501008	0.19377585073215917
147														8.616749172578979	4.291057455125711	2.1336482743807648	0.17071906350853316	0.45933203696060754	0.8717046983792089	-0.6476018283049667	-0.614460652428362	0.45061067296877816	0.7426081559818967	-0.6414453885085851	0.19256411978932178
148														8.612989932848631	4.337913709944822	1.9976440324956055	0.1712698202998167	0.4588405282911729	0.8718555030806111	-0.6464390127718216	-0.615472403180762	0.450899460733199	0.7434939484764221	-0.6408268803041696	0.19120057023598153
149														8.5343319067353	4.357533208978681	1.9265054112348743	0.17152393447109104	0.4583042283476255	0.8720875954755024	-0.6449443492449192	-0.6169228614852541	0.45105761201191674	0.7447323856799862	-0.6398151430339334	0.1897636858407396
150														8.567172870042004	4.378759244705431	1.7846269965493258	0.1715456406622653	0.4577676133084391	0.8723651215951196	-0.6432581748583354	-0.6186365355985601	0.4511183406829458	0.746184302734717	-0.6385433806943006	0.18833835860970355
151														8.69813240985441	4.4764154187810705	1.6231413381679507	0.1713001084681922	0.457318064017516	0.8726491054038027	-0.6415558060056576	-0.6204310512417742	0.4510781068013146	0.7477047683539385	-0.6371228288001447	0.18711515278695398
152														8.73925408313113	4.647013999826465	1.578402662080956	0.1708798416025179	0.45697992744283616	0.872908600970479	-0.6400347496461838	-0.6220839711518131	0.45096236215602015	0.7491031964817969	-0.635752214900059	0.18618142300031967
153														8.64653410510949	4.717192244928707	1.652015020680033	0.17032797956600987	0.45662678149920094	0.873201214952569	-0.639043175639971	-0.6233481378700229	0.4506228119857636	0.7500747956337039	-0.6347669504878595	0.1856305996418729
154														8.530243873022968	4.657822885881399	1.6538241917863368	0.16986207887001675	0.4562070633979592	0.8735112989926158	-0.638751064028001	-0.6240148699031078	0.45011389707817795	0.7504291787804186	-0.6344135539579985	0.1854062841149911
155														8.508221051358575	4.535832353378492	1.7877309269714659	0.1694719549695648	0.4556252360455909	0.8738906686520876	-0.6390947531125012	-0.6241935497694435	0.4493776907794733	0.7502247350113594	-0.6346558569056306	0.18540439658356211
156														8.536914702906458	4.432673339748907	1.80937993473417	0.16918590227107666	0.4549511734763846	0.8742971807258567	-0.6400448620733322	-0.6238595102397901	0.4484884458008892	0.7494789556793772	-0.6354673408097608	0.18564092694748247
157														8.530110683392868	4.251594514902236	1.807914421032917	0.16898263213759873	0.4541903326136712	0.8747319656878512	-0.6413042475543311	-0.6232682207034852	0.4475104324257539	0.74844754799827	-0.6365908158475071	0.185952685041069
158														8.585807985037954	4.071055577297912	1.760728774938353	0.16883252275824923	0.4533944006181455	0.8751737523184742	-0.6425124542697717	-0.6227109861420672	0.44655209533290624	0.7474445299601302	-0.6377025523126647	0.18617768235369425
159														8.730727620443204	3.9710450521925225	1.7449380687762694	0.16875485724714934	0.45258239097519115	0.87560891814478	-0.6435079757904931	-0.6223081353917053	0.44567933508220875	0.7466051722627663	-0.6386718750692539	0.18622285774310002
