// Start Time: 1748433505.005953
// Update Rate: 100Hz 
// Filter Profile: 46.1 human
// Option Flags: AHS Disabled ICC Disabled 
// Firmware Version: 4.0.2 
PacketCounter	SampleTimeFine	Year	Month	Day	Second	UTC_Nano	UTC_Year	UTC_Month	UTC_Day	UTC_Hour	UTC_Minute	UTC_Second	UTC_Valid	Acc_X	Acc_Y	Acc_Z	Mat[1][1]	Mat[2][1]	Mat[3][1]	Mat[1][2]	Mat[2][2]	Mat[3][2]	Mat[1][3]	Mat[2][3]	Mat[3][3]
0														9.452032669738395	-0.9276383553495195	-2.2615784713552913	0.25960377239483756	0.004654708810381991	0.9657039997039777	0.3494787468458988	-0.9326643771389511	-0.08945258587113397	0.9002613436449384	0.3607152523832378	-0.2437499124855379
1														9.464003851738362	-0.9306798237380384	-2.308866556825698	0.25959414754827786	0.004676063089666227	0.9657064838721261	0.34933122205241457	-0.9327258064471808	-0.08938829502134552	0.9003213736539026	0.36055610440185026	-0.24376365545444306
2														9.496110951630722	-0.9804722063296311	-2.221241470349736	0.25963238548197687	0.0047670926160642	0.9656957591482568	0.3490862815528103	-0.9328308609093023	-0.08924882613705235	0.9004053489626603	0.36028302730381234	-0.24385722830424794
3														9.474109021982503	-1.0252846535666853	-2.2738111590955175	0.25958400095294104	0.004835203739524591	0.965708427660265	0.34888980209400944	-0.9329175276506849	-0.08911112498973892	0.9004954483194609	0.36005764456116085	-0.24385741766245767
4														9.462507841328556	-1.0202643920900891	-2.225832616693661	0.2594511955146614	0.004890667297093171	0.9657438369046953	0.3487493731236069	-0.9329836692508253	-0.08896823959795103	0.9005881144518313	0.35988547384502245	-0.24376934553679924
5														9.443939708990706	-0.9746084434915057	-2.2335555147853317	0.2594357117691798	0.004995202566370094	0.9657474615085148	0.3485376188829376	-0.9330784461498535	-0.08880395010351425	0.9006745470380694	0.35963823667943906	-0.24381488682168817
6														9.549279683853255	-1.012599745584683	-2.255152771550742	0.259528178292294	0.005227333165226639	0.9657213882172557	0.34838126313040274	-0.9331587873670459	-0.08857298154251123	0.9007083990792741	0.3594264216048184	-0.24400210507372067
7														9.53364662663443	-1.022408334623739	-2.283912947989318	0.2594012604238466	0.005383180275284921	0.9657546310842329	0.3482010008368649	-0.9332496029669032	-0.0883246374366895	0.9008146585767378	0.35918825138392374	-0.24396055205920864
8														9.496640922623365	-1.0420429989249451	-2.3161115717861827	0.25923662800705016	0.005648233112653861	0.9657973225072848	0.34831445874629385	-0.9332345556357966	-0.08803579951096185	0.9008181883864309	0.359223275456871	-0.24389594060218855
9														9.44815543224743	-1.0214909797077176	-2.2531341214217586	0.2590599534143246	0.005922908990979581	0.9658430823306925	0.3482153272272991	-0.9333054670217803	-0.08767548751641888	0.9009073350911032	0.3590345726755869	-0.24384451850042815
10														9.433062442664156	-1.0297664340833277	-2.2804318719057415	0.258842635065995	0.00637710856254875	0.9658984536474189	0.3485591275942727	-0.9332173796260248	-0.08724595655190354	0.9008368469610981	0.35925569564074916	-0.24377924502891918
11														9.464936927572923	-1.0375892199339618	-2.2705131363994435	0.25858407673952116	0.006863712920274073	0.9659643703065438	0.3490238276922737	-0.9330850935818111	-0.08680193453176654	0.9007311713046261	0.35959018003884796	-0.24367654679887735
12														9.437831603296882	-1.0772396993283782	-2.2980319200297115	0.25828972171785136	0.0074725549381012835	0.966038602012162	0.349667553784195	-0.9328929855751956	-0.08627444172624518	0.9005659451064604	0.360076156371531	-0.24356957964247672
13														9.413964609365982	-1.0260464109758476	-2.2806550425391774	0.2578864407569089	0.008041737739054283	0.9661417670962527	0.35028228603758105	-0.9327120581352327	-0.08573527102321818	0.9004426154742009	0.36053231070637026	-0.24335067120249676
14														9.475117036245503	-1.0270445826734969	-2.161724643491739	0.2575800708361651	0.008676669038895746	0.9662179994817042	0.35107731785163204	-0.9324604469588627	-0.0852187288533642	0.9002206529502315	0.3611678699326236	-0.2432294096736476
15														9.54433427531842	-1.0482351444674043	-2.165931132298872	0.257300591757844	0.009165493235116368	0.9662879483957261	0.35179121517200007	-0.9322266555977385	-0.08483161863871277	0.9000218588505904	0.36175883724770774	-0.24308681014056616
16														9.532273104965299	-0.9666763501508203	-2.1480699808612593	0.25698731151139964	0.009557187963164515	0.9663675190528602	0.3527271307189832	-0.9318953623187052	-0.08458489784614664	0.8997450155332325	0.36260128770748523	-0.24285636326021454
17														9.551255676914481	-0.9344994659694074	-2.1682135656628465	0.2566745850757369	0.00975199915586028	0.9664486824910377	0.3535620611631113	-0.9315865527002113	-0.08450067298092467	0.8995065459919072	0.3633887633659039	-0.24256252879846973
18														9.620460343872425	-0.9236002269443843	-2.123355905863977	0.25646586921232356	0.00979072676716497	0.9665036986988399	0.35421759635774575	-0.9313322281951777	-0.08455870833655343	0.8993081520589638	0.36403903965697954	-0.24232297713158685
19														9.667707771838217	-0.9605710192286302	-2.130949025094253	0.2562934502119213	0.009655156608106535	0.9665507981111715	0.3546943011276996	-0.931133351752055	-0.0847504218427072	0.8991694056883844	0.36455103786144544	-0.24206800835331566
20														9.729586476156312	-0.9480412384505094	-2.1890890630721733	0.25606873906671374	0.00944423811585099	0.9666124390050003	0.3551482210098169	-0.9309386659879797	-0.08498788903181315	0.899054248633722	0.36505342969890403	-0.24173839471362796
21														9.694722470234145	-0.8446790921267407	-2.253231476557646	0.2557611240367027	0.00904506771202468	0.9666976953430522	0.3555609900786063	-0.9307467844122389	-0.08536278838346192	0.8989786592382518	0.36555247237074373	-0.2412649170058362
22														9.565126492119726	-0.8354918607510092	-2.3066282110319243	0.2552031858661744	0.008454262540626006	0.9668504844952239	0.3556456395224641	-0.9306801567423018	-0.08573578561360787	0.899103727615681	0.3657362045122401	-0.24051926263101764
23														9.421420369699607	-0.8408192494689575	-2.2591956700457736	0.25444086878246763	0.0076100611772236815	0.9670583908234819	0.3554257191227378	-0.9307220990697579	-0.08619125529465796	0.8994066947045191	0.36564800187073787	-0.2395185509488339
24														9.357997569915307	-0.8393900505777571	-2.2178252227575292	0.254026410558113	0.006935497352751341	0.967172415660947	0.35498837020515134	-0.930854585142715	-0.08656210682437881	0.8996965264788189	0.36532402082980353	-0.23892366991718045
25														9.433829695405839	-0.9086863139563254	-2.163265111811389	0.253927624122101	0.006396604288262664	0.9672020704905901	0.35428325035269675	-0.9310958955044922	-0.08685512013817104	0.9000023001233017	0.36471840758078977	-0.23869717833376136
26														9.440163907939498	-0.9135454835551556	-2.184592065858951	0.2538482070050323	0.006009128100235156	0.9672254019512749	0.3539083842559919	-0.9312157790325977	-0.08709780958224692	0.9001721742831443	0.36441880201244714	-0.2385141366589607
27														9.396632677468748	-0.8617694890449009	-2.2231222533333517	0.2536178752093668	0.005583640341441876	0.9672883728934321	0.353391119620752	-0.9313950685351335	-0.08728082768641202	0.9004402756138117	0.3639670991572881	-0.238191647174185
28														9.341680125576456	-0.8798310481911993	-2.1823717786389705	0.25340510694080187	0.005242169191690932	0.9673460453418342	0.35287214461017813	-0.931581605271881	-0.08738971493990785	0.9007036701016232	0.36349447365982135	-0.23791735179308637
29														9.360355384004142	-0.8504898758478701	-2.2035998985772736	0.25339003461209114	0.004998830863018139	0.9673512816186713	0.35223467565436706	-0.9318171765659781	-0.08744988692543801	0.9009573927916603	0.3628935947996492	-0.23787394818988056
30														9.416453265680962	-0.8724394859305072	-2.161866440213803	0.2534650875241069	0.004946695549115532	0.9673318870013232	0.35164887265567635	-0.9320454721780687	-0.08737452805224483	0.9011650901840285	0.36230755994804326	-0.2379804870952793
31														9.475327242186399	-0.8757338688242062	-2.17181296443605	0.253441223862241	0.004854152474261575	0.9673386083740098	0.3512034826199894	-0.9322169203251764	-0.08733686080363862	0.9013454719710973	0.3618674490240867	-0.23796699244643094
32														9.472118996789563	-0.8910641785647581	-2.247151406799489	0.2534256088973487	0.0048564152439171115	0.9673426879787673	0.3507485117355721	-0.9324002113036859	-0.08720852868913315	0.9015270058463526	0.36139488263092595	-0.23799747170482716
33														9.407295563103407	-0.9201898783411985	-2.2613946615856637	0.25334275701965764	0.004878593535059789	0.9673642782275962	0.3501808199231926	-0.9326325468949801	-0.08700532069996034	0.9017709469835447	0.36079458393565456	-0.23798409060081865
34														9.460229603126743	-0.9561904886356962	-2.2954127918325113	0.2533631533821395	0.005004087973460886	0.9673582953651721	0.3497775206140712	-0.932804332255639	-0.08678573499247555	0.901921725307319	0.36034849358456467	-0.23808856459310151
35														9.479165924465688	-0.9621418479687971	-2.2398388497912514	0.25333913802602237	0.0051317261450045115	0.967363916285389	0.3493009062784118	-0.9330068893030845	-0.0865275758707143	0.9021131625341204	0.359821914146088	-0.23815967770160662
36														9.523188978057277	-1.0499804546968734	-2.2471439648965847	0.2533512855931477	0.005345486756427847	0.9673595773339072	0.348975474515105	-0.9331552701010257	-0.08624013027377986	0.9022356921975854	0.3594338154014145	-0.2382815311154547
37														9.536056710821997	-1.0899532862427188	-2.2158967061779626	0.25335968868592257	0.005510178447287101	0.9673564524426611	0.34876260173953544	-0.9332544065090427	-0.08602825326207461	0.9023156408800866	0.35917384462810276	-0.23837079006922152
38														9.573351781468537	-1.065916574177638	-2.183140749049758	0.25335635142102714	0.005664938259537122	0.9673564325878755	0.3486964395048326	-0.9332946061514713	-0.08586018405071721	0.9023421481185937	0.35906696673891636	-0.2384314600165765
39														9.570096827661802	-1.0085228232692558	-2.1631582016775357	0.2532965193741501	0.005700244750599132	0.9673718935769862	0.34855221862507635	-0.9333572236961982	-0.08576505037404097	0.9024146630925705	0.3589036084854931	-0.23840296904949443
40														9.523512759818018	-1.0084870696542303	-2.200365155430476	0.2533319471879571	0.005678026642912282	0.9673627471364611	0.3485013849292338	-0.9333742203139201	-0.08578665138462907	0.9024243509770581	0.35885975654400737	-0.23843230883588656
41														9.547976316094793	-0.9803058654212067	-2.2466439369401776	0.2533344854969775	0.005621868526001189	0.9673624103986357	0.34838297014028174	-0.9334162307148262	-0.08581052589491842	0.9024693593547747	0.35875135516455303	-0.2384250838174949
42														9.54192886949716	-0.9788439447370136	-2.222569847344059	0.2533224995409677	0.005590294779850097	0.9673657321978029	0.34841105779440895	-0.933402686103831	-0.08584381387575121	0.9024618806536362	0.35878708753023425	-0.23839962203970594
43														9.517748829841468	-1.0080584367699743	-2.1745589776099123	0.25314673966331136	0.005472805533061231	0.967412412881617	0.34855923221472895	-0.9333395375561537	-0.08592886169584027	0.902453982115273	0.35895313905029647	-0.23817945782586758
44														9.512010879966486	-1.0070395068280575	-2.148866299606171	0.25303024091194276	0.005411986840173494	0.9674432322273414	0.34879727441314057	-0.9332435343456061	-0.08600562170047607	0.9023946800297573	0.3592035857289886	-0.23802652258399398
45														9.471731662901394	-0.9737306447438737	-2.160562149874129	0.25295052424691467	0.005384084113546267	0.9674642339236474	0.34901309896162547	-0.9331579360187439	-0.08605883567909353	0.9023335796901357	0.3594263180173328	-0.23792190500264876
46														9.484192790619122	-0.9420298581104727	-2.158573796927439	0.25286044226024174	0.005396002611294165	0.9674877156304225	0.34939568877126204	-0.9330097024864872	-0.08611357462172561	0.902210756646145	0.35981075334388635	-0.23780658605281457
47														9.450106301574106	-0.9110271159038117	-2.1935240872119515	0.25270999524379806	0.005244580535191112	0.9675278562805776	0.3496275259816467	-0.9329090651743583	-0.08626279146571944	0.902163095775832	0.3600738403307232	-0.2375890951404384
48														9.440999896099374	-0.8901524845428416	-2.1957916771365227	0.25261366312026506	0.005212163355744842	0.9675531874569556	0.3499491185683621	-0.9327811839172326	-0.08634163157592484	0.9020653810108157	0.3604054609507455	-0.2374572637311671
49														9.512907758863697	-0.9366723299766664	-2.172019099666881	0.2525624380382184	0.005208013780140991	0.9675665824555214	0.35014807649809687	-0.9327031254003569	-0.08637826342946095	0.9020025163029616	0.36060748253589014	-0.2373893513244721
50														9.519197220581052	-0.9027478200063497	-2.146744234467161	0.2524630912611715	0.005240909993073362	0.9675923317251425	0.3504817898153143	-0.9325761283771914	-0.08639606350327644	0.9019007165751158	0.36093530949943486	-0.23727789572111402
51														9.541259786825984	-0.892687808273801	-2.1400401053361673	0.2522634853618771	0.0052281502727362095	0.9676444597050119	0.35075150489711143	-0.9324741437612143	-0.08640227444461551	0.9018517149540107	0.36119888934147726	-0.23706295909102632
52														9.557329103632428	-0.9166585905651702	-2.1572862214959203	0.2521292915025817	0.005276435909170651	0.9676791718284027	0.35101863202831224	-0.9323762266529156	-0.08637413930942489	0.9017853072297083	0.3614508696857265	-0.23693148475467218
53														9.548261901255755	-0.8945347304835454	-2.1598909489037146	0.25198696455500175	0.005274278445290492	0.9677162557698606	0.35126243110566197	-0.9322833739421593	-0.08638527168889579	0.9017301559713398	0.3616903270173337	-0.23677591337380105
54														9.5238008855519	-0.8848955978956493	-2.1903726110224326	0.2517807976150889	0.005231233866403118	0.9677701504719729	0.35153136903176174	-0.9321790010136977	-0.08641762931115585	0.9016829412487326	0.3619598655394545	-0.23654371519804757
55														9.51824807169771	-0.883117767730626	-2.1640459733385486	0.2515216004888918	0.005184665353849538	0.9678377982558205	0.35175753492496215	-0.9320933189630711	-0.08642153301070277	0.9016670788661522	0.3621811204212259	-0.2362653484948758
56														9.54993393836569	-0.8948661442310221	-2.1523482953136304	0.2513409420189468	0.005206912280749626	0.9678846103381998	0.3519833002148133	-0.9320110718257519	-0.08638934172744825	0.9016293513605892	0.3623923979041418	-0.23608528693328018
57														9.544320912320254	-0.8925742600523104	-2.12639394116307	0.25109976367141373	0.005186732850157666	0.9679473159663713	0.35211475012799265	-0.9319650805170424	-0.0863498201455255	0.9016452248121	0.36251094673017037	-0.23584253660935317
58														9.517405451381293	-0.9365148598843965	-2.1522942064054233	0.25080202477584485	0.005210462986193765	0.9680243775049298	0.3523066457849291	-0.9319007019907177	-0.08626186274930944	0.901653132697996	0.36267607131526847	-0.23555826368695548
59														9.533766879159327	-0.9602660737178768	-2.1684981036234454	0.2505697579263127	0.005154133153520479	0.968084826512731	0.3524856242987615	-0.931832000664978	-0.08627286479198715	0.9016477588700927	0.362853355294036	-0.23530567667695285
60														9.503378599111876	-0.948517928399892	-2.174563530122514	0.25026882195257927	0.005068188953390451	0.9681631216996445	0.35260453397966135	-0.9317872756541052	-0.08627001533607248	0.9016848448185506	0.36296940145118717	-0.23498437019238727
61														9.482648551576297	-0.9590389019753988	-2.1753377336443127	0.2498691180397109	0.004912226445524609	0.9682671603857093	0.352810988066359	-0.9317045892698839	-0.08631897261365132	0.9017149386306608	0.36318373912495683	-0.23453729146026825
62														9.471350958834854	-0.9917373699281511	-2.1718056462380235	0.2495907587541511	0.004837276789280559	0.9683393278690023	0.3530207875895175	-0.9316233800686509	-0.08633771620293884	0.9017099182520975	0.36339300827441123	-0.23423224556638172
63														9.468952503510264	-1.01023659097138	-2.117482680476844	0.24938656197166664	0.004738460438085068	0.968392425466365	0.35316712157009933	-0.9315629219918509	-0.0863915887797877	0.9017091143766061	0.3635492667613043	-0.23399274280941995
64														9.500562091799486	-1.0227987262399085	-2.10550808071737	0.2491642996093934	0.004640008888002034	0.9684501133861676	0.35342717877535407	-0.9314572452801078	-0.0864675055618486	0.9016686648115568	0.36382120682103414	-0.23372579738709204
65														9.479403231262808	-0.9961258053930531	-2.186350682005577	0.2488809960453745	0.004465386059468918	0.9685237788174345	0.35380457836904655	-0.9312994912605042	-0.0866231949481659	0.9015988964792293	0.36422701424423015	-0.2333626190334902
66														9.45164880770894	-0.9312741370134722	-2.1964437276709647	0.24870813655348334	0.004347248936821618	0.968568719419936	0.35407349990321435	-0.9311864853666425	-0.08673918455235666	0.9015410248448942	0.3645172573379766	-0.23313290120533603
67														9.452485507515853	-1.0071921867694749	-2.1621961588032663	0.2486173225350316	0.004142279634602702	0.9685929322759597	0.3541300294280134	-0.9311485436725963	-0.08691554448841934	0.9015438698104643	0.36461655356803646	-0.2329665634191757
68														9.51175729587402	-1.012612819693296	-2.1693238890462836	0.2484828536758948	0.003975005356911532	0.968628138534854	0.35435268489181293	-0.9310483218026009	-0.0870815547548631	0.9014934531870141	0.36487425477960655	-0.23275809773234407
69														9.505902897774092	-1.0125332834007823	-2.143071388714882	0.24830454646964534	0.003721879025964381	0.9686748679608761	0.35451825723439534	-0.9309650006947083	-0.08729818307954537	0.9014774858475345	0.36508946177343826	-0.23248231634253463
70														9.50271280372603	-0.9585375209884699	-2.1210269383856186	0.2482331157389001	0.00350731598257889	0.9686939759207532	0.3548528573785309	-0.9308126568505877	-0.08756282006104324	0.9013655029236755	0.36547981692748643	-0.2323031070773724
71														9.481253310771912	-0.9716683022705456	-2.1238294799697046	0.24819606573889158	0.003220435304130659	0.9687044656386116	0.3550823148620862	-0.9306949571618877	-0.08788314050837415	0.9012853391817258	0.36578207379515504	-0.23213834639326097
72														9.450304442105185	-0.9632213654846197	-2.1311719265111986	0.24817101019118654	0.002896791474534033	0.9687119067606418	0.3553325808937817	-0.9305648386962042	-0.08824872768301595	0.9011936010958186	0.3661156778689764	-0.231968540458593
73														9.474885225860016	-0.9021800570802999	-2.1281726011284916	0.24808540593286887	0.0025544794819532535	0.9687347965246734	0.3555454636043213	-0.9304502461514675	-0.0885988868274433	0.9011332058433493	0.3664093531437894	-0.2317393606085033
74														9.453386659346378	-0.9158465536527671	-2.1309758989110574	0.24808844658254658	0.002259098127493253	0.9687347516982703	0.35578013714221357	-0.9303275988417936	-0.0889440995700704	0.9010397420132625	0.36672258630866095	-0.23160727105114853
75														9.437638932773773	-0.8954837530096371	-2.110598070172783	0.24817680741654125	0.001891124704818531	0.968712906855217	0.35598973377129217	-0.9302050702766417	-0.08938588636397485	0.9009326177411817	0.36703535371811213	-0.23152854556413305
76														9.38448290652815	-0.8616683494828397	-2.0763272506662367	0.24825916200157472	0.001480421127729753	0.9686925192420763	0.35613911664130204	-0.9301030872115275	-0.08985085841292156	0.900850885596628	0.3672955969146246	-0.23143384887889817
77														9.366092071494714	-0.9334479055886956	-2.099077004136394	0.24834299912452967	0.000942457045336853	0.9686717021574187	0.35625553738938603	-0.9300023594796181	-0.09043010251980535	0.9007817420803073	0.3675523406768898	-0.23129533068721037
78														9.477123415438419	-0.9820895437369449	-2.014096475900489	0.2486451310776252	0.0005097769341334824	0.9685945172872222	0.35622215568784354	-0.9299639263988004	-0.09095532636427195	0.9007115934573594	0.36765042598153336	-0.23141259621528976
79														9.63492716933865	-1.0654473313420014	-2.0670708807330884	0.249007835578051	0.00012822432974399223	0.968501461733154	0.3560789912998883	-0.9299724995042475	-0.091427031673772	0.9006680019716415	0.3676290708368206	-0.23161609723865811
80														9.75839419187701	-1.0056468520677428	-2.1419261595497336	0.24916212154535594	-0.00019085959125569874	0.968461770417209	0.3562259333760449	-0.9298763489484834	-0.09183169418346332	0.9005672221313544	0.36787217785374304	-0.23162197474281482
81														9.7117261781709	-0.8990966469000121	-2.162686136589396	0.2489776152795904	-0.0005820545012747702	0.9685090646464011	0.3564858345824863	-0.9297401260233003	-0.09220166920510137	0.900515406215639	0.3682159139346591	-0.23127698522236773
82														9.628355477720662	-0.8519656740008772	-2.135312480197796	0.24874114673130326	-0.0009549246980244119	0.9685695277271626	0.3564931677132306	-0.9297107985299722	-0.09246865669268603	0.9005778496590866	0.3682891787924055	-0.23091690602429443
83														9.607249712799696	-0.8645214770543511	-2.136702878889233	0.24853787096123658	-0.0012705686880425948	0.9686213462201132	0.35636101725258185	-0.9297426104193209	-0.09265799346722195	0.9006862672877614	0.3682079086954484	-0.23062346778540033
84														9.570441743317666	-0.8521892260982238	-2.1197319646558603	0.24835734396699854	-0.001535126387079172	0.9686672664463448	0.35621622336886005	-0.9297835283391926	-0.09280405507276382	0.9007933347369333	0.3681035639817928	-0.230371730638587
85														9.499644701115887	-0.8818640198239162	-2.107997730594945	0.2481440709178308	-0.001813522428356168	0.9687214414911693	0.3559917527824592	-0.9298568890911609	-0.09293028441031195	0.9009408371359351	0.3679169429995184	-0.23009287480208956
86														9.44776048238933	-0.9179656362984557	-2.1670175167305414	0.2480037560121946	-0.0020644768139427283	0.9687568709120613	0.35572667454155843	-0.929946505865034	-0.09304853168652469	0.9010841636736535	0.3676890454785112	-0.22989583687325288
87														9.453722085418216	-0.9222736836994206	-2.061820614604719	0.2479421833659446	-0.00224696731185578	0.9687722254718227	0.3555494322863083	-0.9300036881210874	-0.09315439486175442	0.9011710575182785	0.36754331883340663	-0.22978823701902723
88														9.479234725037786	-1.0059730613997817	-2.1219188012677597	0.24782265247973473	-0.0024258073518746703	0.9688023783912798	0.35518669288686977	-0.9301390343964117	-0.09318685469635715	0.9013469621150323	0.36719952634882735	-0.22964790818816488
89														9.46390247285084	-0.9822666826713807	-2.101363646568548	0.2477367732191753	-0.002608139265986159	0.9688238688247317	0.35493014310012594	-0.9302293304393356	-0.09326299539104588	0.9014716216908194	0.3669694679397121	-0.22952630543397334
90														9.488776806625793	-0.992583161762239	-2.0670286663887363	0.24765915464739507	-0.0027545127151683	0.9688433081665166	0.35455402360993143	-0.9303712993809382	-0.09327748726371793	0.9016409415401156	0.3666083168013607	-0.22943834594663393
91														9.507644935601933	-1.0373148887437924	-2.0563782425596733	0.24752230908071893	-0.002943906827682502	0.9688777218617108	0.3543538314729834	-0.9304397889748459	-0.09335502778565621	0.9017572115751364	0.36643298501231303	-0.22926142036374209
92														9.458773825159279	-1.018282063587727	-2.1204147799186153	0.24739534010277842	-0.003130620889942648	0.9689095648760387	0.35403005065084237	-0.9305582677165853	-0.09340253540707871	0.9019192141935958	0.3661304543426456	-0.22910744525496196
93														9.462019342650654	-1.0389654691104304	-2.0906320660920303	0.24728244481497608	-0.003300481067889577	0.9689378201469115	0.3539520236961855	-0.9305779759623789	-0.09350184797712136	0.9019807965847738	0.36607886783927074	-0.22894738503379852
94														9.483953810835045	-1.0296918127931882	-2.0840607912546267	0.24719249248699088	-0.0034720683206944103	0.968960172762351	0.3537213696882515	-0.93065851600343	-0.0935730688615091	0.9020959285375009	0.36587247960439695	-0.2288236534630848
95														9.493440435193566	-1.052891408287075	-2.07803145045031	0.24712141579145708	-0.0036970853950804294	0.968977470025391	0.3534910447125065	-0.9307329411187177	-0.09370311427355157	0.9022056789697606	0.3656809044455056	-0.22869715555430592
96														9.493594691505276	-1.0542266784548011	-2.0766493012892795	0.24707159582999194	-0.003906948763829299	0.9689893509659323	0.35326106307806915	-0.9308077727218749	-0.09382702997268838	0.9023093969625798	0.36548820226089396	-0.22859598894365207
97														9.537093623516565	-1.0355678336424876	-2.0652197788694284	0.24697714700806972	-0.004162784514134932	0.969012363223939	0.35306960832048356	-0.9308642164437153	-0.09398756420425197	0.9024101841935156	0.36534159600258626	-0.22843243573124283
98														9.515512027294303	-1.0472886722418784	-2.068953471132284	0.24698613720855728	-0.004381477867046818	0.9690091076344415	0.3527962300472768	-0.9309532714648554	-0.09413196276139368	0.902514635942944	0.3651120499252032	-0.22838678356724434
99														9.540462238347398	-1.0952371539936339	-2.0823026736649797	0.24692036662432398	-0.004655032359355382	0.9690245937125866	0.35234624728198694	-0.9311111847546023	-0.0942554170919769	0.9027083995246811	0.3647057612632614	-0.22827013192481987
100														9.586841399032071	-1.0964695875997625	-2.042878297922263	0.24684369751923874	-0.004826330846580379	0.9690432887779528	0.35225838758489236	-0.9311330199322005	-0.09436804315038441	0.9027636553224343	0.36464778310377866	-0.22814420200035168
101														9.559078112370372	-1.1057375157740712	-2.0222861937466576	0.24665927761031864	-0.0050773463376713734	0.9690889646069258	0.3520714933494419	-0.9311912869360481	-0.09449047944147979	0.9028869609975825	0.3644955523577128	-0.22789938124531223
102														9.56870855042241	-1.1290409329203919	-2.0152852430046324	0.24650448884286086	-0.005221217978165743	0.9691275849253002	0.3520904785897566	-0.9311756839721075	-0.09457346596966051	0.9029218304298311	0.3645333790778327	-0.22770064486369174
103														9.557060104853933	-1.08782856853023	-2.0452382843639354	0.24628887344904277	-0.005386126889861675	0.9691815002631489	0.352148564013681	-0.9311446307030123	-0.09466290496310234	0.9029580165646153	0.3646102938070691	-0.22743384526410942
104														9.504561638072976	-1.0501402910504734	-2.0098274290340896	0.24612874258339273	-0.0054793907436137546	0.9692216559442928	0.35227305298772893	-0.9310915598004521	-0.09472171560453324	0.9029531207172512	0.3647444085184037	-0.22723815313792955
105														9.474220036250179	-1.0388454715419073	-2.0162965346872004	0.24580969003290543	-0.005674180493676795	0.9693015010623122	0.35234273624747037	-0.9310569663964781	-0.09480253972459071	0.9030128418242854	0.3648297260371093	-0.22686356803179164
106														9.443604057354102	-0.9908172286131061	-1.9749690168083525	0.24554589288360723	-0.005753652207524496	0.969367891965825	0.3524963047763692	-0.9309975634692615	-0.09481504064917068	0.9030246782934547	0.364980043701808	-0.22657448685240184
107														9.456871468041024	-0.9953757647032567	-2.019746880222479	0.24548548089067668	-0.005775864982992013	0.9693830605367373	0.35264977615017623	-0.9309357355181893	-0.09485141915880049	0.9029811814501474	0.3651373655474144	-0.22649434921867273
108														9.478706286917607	-0.9855135246358774	-2.0138528649609904	0.24545625022413825	-0.005758838442108533	0.9693905637077881	0.35276810313562446	-0.9308907020059851	-0.09485339387126862	0.9029429077389107	0.3652524287374449	-0.22646140656941754
109														9.531863700104772	-1.0243368649915203	-2.045664805492302	0.24538667358039057	-0.005849498122663915	0.9694076355181366	0.3526992377179049	-0.9309124375030398	-0.09489616122561842	0.9029887198311838	0.36519558742386615	-0.22637039290458827
110														9.501609690539611	-1.0492990023346163	-2.101324871851453	0.24530886884294195	-0.005916830262214762	0.9694269183319829	0.3527101573827178	-0.9309045096762469	-0.09493333841957433	0.9030055945264434	0.3652147107991067	-0.22627220613648086
111														9.470494725877675	-1.0012270486361958	-2.062353257183935	0.24525367247095547	-0.00600091709846079	0.9694403669816354	0.3526809520929996	-0.9309102711533981	-0.09498533093000736	0.9030319939904043	0.36519865286592323	-0.22619275358558738
112														9.485786957895053	-0.9895489053811953	-2.033343332152682	0.24530511382760684	-0.006036554228164542	0.9694271303935512	0.352639680982751	-0.9309214298109612	-0.09502918980555064	0.9030341391810216	0.36516962022020155	-0.22623105874708133
113														9.566765314439044	-1.0205457273027696	-2.084869260082905	0.2453942073512715	-0.006066898231801537	0.9694043922658315	0.35239384783033345	-0.9310142987275414	-0.09503131892274219	0.9031058957895097	0.3649322790747745	-0.2263275782566453
114														9.538931541455243	-1.0653256420967558	-2.114319222743374	0.24547851392563708	-0.006088969473517669	0.9693829086855265	0.35233114036834895	-0.9310341319251426	-0.0950695151830239	0.9031074502669104	0.364881308977518	-0.22640354156075687
115														9.566132977938258	-1.0958126728330604	-2.053187687759705	0.2454861090195697	-0.006171901074503244	0.9693804608694971	0.3523197706968576	-0.931030287861744	-0.09514926305648405	0.9031098213697744	0.3648897240553711	-0.2263805199752167
116														9.522460309476427	-1.0799040872699277	-2.015198845274209	0.24544386807462243	-0.006238903992764888	0.969390728087254	0.3521760516218692	-0.9310834405076689	-0.09516120783403748	0.9031773559432266	0.36475293403805736	-0.22633152856381006
117														9.513270531184185	-1.0582182162923355	-2.019377031476394	0.24548227768913194	-0.006321770513236652	0.9693804653272804	0.352002866874516	-0.931143705292145	-0.09521229861177485	0.9032344286245286	0.3645976348145912	-0.2263539962866315
118														9.470644568412096	-1.0409506940541133	-2.1093794840665696	0.24560172411271186	-0.0063076159486146754	0.9693503015390815	0.35188531126552774	-0.9311878050688726	-0.09521554183313846	0.9032477627032497	0.3644852338189577	-0.2264817729962253
119														9.50140145193392	-1.0532542855380413	-2.10028736020901	0.24563262660498042	-0.006358867362777965	0.9693421364786536	0.3517365528653005	-0.9312415604754489	-0.09523945307322162	0.9032972988587831	0.3643469786468845	-0.22650666441699419
120														9.461653998739727	-1.0557072584551068	-2.16194104204777	0.24567945385522322	-0.006375910410077179	0.9693301572322207	0.3515602870810488	-0.9313091089786103	-0.09522976467973407	0.9033531814860064	0.3641739849301562	-0.22656199637008984
121														9.467248559599053	-1.0957629445617811	-2.105760635659828	0.24566699963949018	-0.006422030675945295	0.9693330092440512	0.3514502342838707	-0.9313494296684162	-0.09524165411272534	0.9033993901425564	0.36407004460448655	-0.22654479581695103
122														9.47608866184458	-1.08136311387443	-2.0536919876946707	0.24570862578753744	-0.006388515093680575	0.9693226800650535	0.35137944790566955	-0.9313795980433762	-0.09520781448004323	0.9034156046931595	0.3639934494238286	-0.22660320821523233
123														9.497664072974564	-1.0712268287544677	-2.0491599106348284	0.24579739378874244	-0.0063519967719721515	0.9693004143936347	0.35138882692712536	-0.9313758929058467	-0.09520944503890799	0.9033878090374264	0.36400356900839165	-0.22669774641957174
124														9.495004970008331	-1.0876714673037275	-2.1258488883562037	0.24599821939172944	-0.006232110805624497	0.9692502446999979	0.35141739453800647	-0.9313682078384702	-0.09517917967642056	0.9033220305473671	0.36402530437136327	-0.22692484858454504
125														9.509871344253398	-1.0753667828013398	-2.0991347096062163	0.24618980933078155	-0.006141542426257973	0.9692021766578428	0.3514868885875809	-0.931341509846563	-0.0951838178880523	0.9032427940109432	0.3640951434630115	-0.22712811709243336
126														9.552974505785803	-1.055073423986949	-2.0903140806749327	0.24627796728215334	-0.006054429178420168	0.9691803272449842	0.35149688198392104	-0.9313425455256474	-0.09513676917674643	0.9032148718809676	0.36409395323340865	-0.2272410359770356
127														9.522109467626795	-1.0428794011473344	-2.099799960823428	0.24621059994586075	-0.006069028161524215	0.9691973521277667	0.35160783915596777	-0.9312990434630684	-0.09515260946944798	0.9031900508300402	0.3642049677612166	-0.22716177834239798
128														9.515828664034961	-1.0406645111233999	-2.0757260637513326	0.24620245308045258	-0.006019946327746023	0.969199727787508	0.3516690429377982	-0.931279501753656	-0.09511768422683642	0.9031684429475941	0.36425574787458637	-0.2271662690716763
129														9.494129862879157	-1.0508546431627994	-2.0807869480488645	0.24627848462911367	-0.006046068649763259	0.9691802479738589	0.35160057899285735	-0.931301537661508	-0.0951550250969404	0.903174369023322	0.36419897172176946	-0.2272337301901523
130														9.484742391319985	-1.0291057259530545	-2.085908696793388	0.24638563252840928	-0.0060095216826439035	0.9691532416149276	0.3516479834648265	-0.9312817659430557	-0.09517335838933844	0.9031266886814371	0.3642501311888991	-0.22734121078276393
131														9.47853119613228	-1.063894261075693	-2.1104037046947877	0.2464816683387831	-0.006036956869361593	0.9691286510699634	0.3515774081767863	-0.9313037289575492	-0.0952191708084896	0.9031279606083641	0.36419351941175504	-0.22742683919418155
132														9.500033327207307	-1.0544289254213761	-2.105879295115141	0.24657740335584888	-0.006049827689783571	0.9691042171713067	0.351590083719043	-0.9312935578040842	-0.09527183331419423	0.9030968924676486	0.36421931411930253	-0.22750888782142453
133														9.51513397469813	-1.0427626040237699	-2.077856611237393	0.24665911600772794	-0.00606492213239801	0.9690833283107362	0.35158611092859343	-0.9312904351492428	-0.09531700793479195	0.9030761247493996	0.3642270474842064	-0.22757893309475008
134														9.527879371337638	-1.0474296146046793	-2.125001992784771	0.2467004078394372	-0.00603551189598639	0.9690730010520406	0.35165591414858877	-0.9312635335156055	-0.09532234359450292	0.9030376663330136	0.3642963131026466	-0.22762067007115755
135														9.499393915096007	-1.0187553255572448	-2.0592940880626913	0.2467175109955277	-0.0059637996236618085	0.9690690908610289	0.35183245811136477	-0.931198668826819	-0.09530456754256594	0.9029642247550491	0.3644632660079882	-0.2276447595340247
136														9.527433200255803	-1.0104841826533844	-2.0781799827875904	0.24679580599013007	-0.0058394728703489995	0.9690499113576552	0.35191389977217524	-0.9311749083388929	-0.095236008038947	0.9029110904695004	0.36452598074300746	-0.22775507035086417
137														9.48122982103838	-1.0102176554107745	-2.11659989458439	0.2467968381965298	-0.0057937518399843735	0.9690499229120307	0.35189398385764725	-0.9311873997448636	-0.09518745022950043	0.9029185704043249	0.3644947996830907	-0.2277753196090258
138														9.518609414613055	-1.0241834955204983	-2.130326462100745	0.24678125603254208	-0.005724746638543166	0.9690543013407065	0.35203394167024177	-0.9311382842396992	-0.09515040480870915	0.9028682714455709	0.3646213418041694	-0.2277721702004295
139														9.52745466030853	-1.009370834222858	-2.0786226113290134	0.24687133886882673	-0.005609907700270644	0.9690320278405185	0.3521475026278065	-0.9311001163058865	-0.09510367925671373	0.902799356689022	0.36472058119985395	-0.22788641734673176
140														9.517689394152672	-1.0610083310991705	-2.0518774062563057	0.24697771111411	-0.005477389825845946	0.9690056802792907	0.3522335779654038	-0.931074123181025	-0.095039379713755	0.9027366818549721	0.3647889463009827	-0.22802523520455747
141														9.53932386264921	-1.050506518416391	-2.047296786689996	0.24697583875972523	-0.005410811442458363	0.9690065315509825	0.3523450029345195	-0.931035692928812	-0.09500282837705892	0.9026937099459619	0.36488801242586966	-0.22803684880276404
142														9.536122097573733	-0.9937299815010057	-2.0281656777876074	0.24704245758484022	-0.005327900018132964	0.9689900090464503	0.35245180501032025	-0.9309980015193982	-0.09497603019633163	0.9026337847075137	0.36498538963674154	-0.22811820632362134
143														9.499088234857126	-1.0159573416493641	-2.0620845580986438	0.247115145216024	-0.005303483640913181	0.968971608493321	0.352358928899036	-0.9310350641304613	-0.0949573303369029	0.9026501483022019	0.3648911925778124	-0.22820413525866362
144														9.498899064625597	-1.01576580490709	-2.063050128634673	0.24726178681924676	-0.005197380170177318	0.9689347738719674	0.35236515965324655	-0.9310371329715292	-0.09491391515840872	0.9026075576026915	0.3648874405450565	-0.22837852940016562
145														9.461846554257054	-1.037887731924762	-2.097071282885978	0.2472736993743468	-0.0051776153338688735	0.9689318396549782	0.35233616880420593	-0.9310503164266342	-0.09489221482418642	0.9026156112931463	0.36485408121784785	-0.22839999489619262
146														9.424516276245514	-1.0234458120916374	-2.0833542752015046	0.24733833648534898	-0.005113431261311724	0.9689156826707865	0.3523357922116669	-0.9310541950325282	-0.09485555038535148	0.902598048320091	0.3648450886788346	-0.22848375092267692
147														9.507845859613408	-1.0371843310615758	-2.060149266926125	0.24747818642572872	-0.005011695642592767	0.9688805035453125	0.352401239979535	-0.9310321613575323	-0.09482869069436864	0.9025341618489122	0.3649027232355331	-0.22864402303793874
148														9.495402855888262	-0.9947535552101658	-2.0946311100072554	0.24771367141021422	-0.004847662263018054	0.9688211585050438	0.35243512293887636	-0.9310251948898955	-0.09477114855951824	0.902456326431108	0.36492271325695097	-0.22891918275595363
149														9.513560029796817	-1.038661458977161	-2.0870971463017223	0.24781686931844538	-0.004770610682787446	0.9687951489117389	0.35244050130852317	-0.9310264746479211	-0.09473856945332076	0.9024258929788097	0.36492046363334857	-0.22904270977924746
150														9.51344073679613	-1.038296899952879	-2.087822163577842	0.2478761585127749	-0.0046557598384128485	0.9687805396173463	0.35254564451544523	-0.9309928343003633	-0.09467793309196065	0.902368538111862	0.3650077620841829	-0.22912955951635205
151														9.504126456613324	-1.0158025861924884	-2.0929123624539754	0.2479513845584146	-0.00456839240689233	0.96876170479968	0.35271149291484677	-0.9309312944224734	-0.09466534651433517	0.9022830562862997	0.3651657909165586	-0.2292143788747535
152														9.519340127687492	-1.0032198904603145	-2.0649672241306773	0.24801092545477355	-0.004481558506712974	0.9687468691502534	0.3527769242589385	-0.9309109398898971	-0.0946216872799889	0.9022411111036066	0.36521875311470486	-0.22929509329218156
153														9.503527476466362	-0.9787101321270412	-2.047016225550527	0.2481709293708816	-0.004412226853894641	0.968706210400957	0.35272817288818514	-0.9309311189578049	-0.09460490371504196	0.9022161746866191	0.3651681585381721	-0.22947372425549073
154														9.512472151906586	-1.000840078333905	-2.043830661210118	0.2483408887147175	-0.004323295075936734	0.9686630539625593	0.35278544630931186	-0.9309099014110331	-0.09460012857941177	0.9021470123348662	0.3652233078194599	-0.2296577966468546
155														9.540451514600308	-1.0297433619905474	-2.111415842336319	0.2485601991997809	-0.0042684752134828086	0.9686070449326276	0.3526998356591786	-0.930941240058025	-0.0946109585894517	0.9021200880701825	0.3651440642795367	-0.22988944956580293
