// Start Time: 1748433505.005953
// Update Rate: 100Hz 
// Filter Profile: 46.1 human
// Option Flags: AHS Disabled ICC Disabled 
// Firmware Version: 4.0.2 
PacketCounter	SampleTimeFine	Year	Month	Day	Second	UTC_Nano	UTC_Year	UTC_Month	UTC_Day	UTC_Hour	UTC_Minute	UTC_Second	UTC_Valid	Acc_X	Acc_Y	Acc_Z	Mat[1][1]	Mat[2][1]	Mat[3][1]	Mat[1][2]	Mat[2][2]	Mat[3][2]	Mat[1][3]	Mat[2][3]	Mat[3][3]
0														8.892918021422535	-2.7072521564439884	2.6663576349193643	-0.2072015745580229	-0.30822104575521636	0.9284757909898553	0.10558115516367703	-0.9505742785917131	-0.2919951378947063	0.9725842519673966	0.03752769421914748	0.22950282131515187
1														8.933509802577907	-2.839705367079322	2.558478232791123	-0.20768872293286783	-0.30783462831645153	0.928495145908575	0.10514155422809256	-0.9507184601944013	-0.2916841836988887	0.9725279676909117	0.037043907121928926	0.22981971413289676
2														8.891229035758128	-2.9060238088046724	2.5971056734196236	-0.2083008404809064	-0.3074591886728002	0.9284824215652181	0.10446337407923117	-0.9508691696314353	-0.29143648659769295	0.9724701349300813	0.036285941424855944	0.2301850714620332
3														8.819197049851528	-2.9947039847424715	2.522759104463235	-0.20886109222022792	-0.30710868921361406	0.9284725613425903	0.10430331097692581	-0.9509916113230525	-0.29109409906838657	0.9723671443831413	0.03604453082897255	0.2306575997479708
4														8.870038700869763	-3.0226406776479955	2.561808230234068	-0.20939359300848837	-0.30677028963612757	0.9284644918377661	0.1036412499546821	-0.9511280875830941	-0.290884603096067	0.9723234104529347	0.03531784827947129	0.2309541839371645
5														8.993772673958802	-3.010484624483122	2.563747215870755	-0.20991245018594024	-0.30651253901572395	0.9284324567156561	0.10374421751935231	-0.9512109603282481	-0.2905767476635188	0.972200545457691	0.03532382167242476	0.23146992684628015
6														8.991010906456246	-3.0197291502709955	2.42476418848965	-0.21045619737491073	-0.3062886176145455	0.9283832569075462	0.10391385295006779	-0.9512810260064117	-0.2902866182331868	0.9720648641688289	0.035379263417416845	0.23203061773929046
7														8.954900274492907	-3.1061484247350006	2.267248161379928	-0.21080475351650246	-0.3063967571162839	0.9282684865508852	0.10435143553226016	-0.9512352013605915	-0.29027981258577207	0.9719424539535264	0.03567378478798319	0.23249784360655362
8														8.986793300938603	-3.0309575685286716	2.2895076670840995	-0.21110437846590507	-0.306369887965937	0.9282092615031718	0.10422209555416673	-0.9512517660233575	-0.29027199733309117	0.9718912985467163	0.035462224763587014	0.23274392456946064
9														8.991909045240172	-2.920026097162228	2.278840364228972	-0.21103937513350324	-0.3064562416597788	0.9281955365606023	0.10501717436039201	-0.951194686565471	-0.2901724682649528	0.9718198265278497	0.03623865611994043	0.2329227008473007
10														9.032351737033691	-2.8307697080667085	2.229953031561695	-0.21072460252802766	-0.3065043199189115	0.9282511749308209	0.10550712015157732	-0.9511575489612645	-0.2901164673908042	0.9718350629025094	0.03680243096650623	0.23277068455505773
11														9.012928334828867	-2.874370461070267	2.2525202992824678	-0.21013768459410964	-0.30653473906634393	0.9283741741662974	0.10632033139765934	-0.9511098093414836	-0.2899760640223572	0.9718735209094433	0.03777015117701757	0.23245488817219329
12														9.02393929823698	-2.8017332002002395	2.2624903886608334	-0.20932272605539282	-0.30632212682717186	0.9286284245987826	0.10651082896540955	-0.9511587817222416	-0.2897454318289799	0.9720285179303332	0.038258679652319605	0.23172577276043538
13														9.056515671106464	-2.6521055871721435	2.3746937223806146	-0.2080119025741819	-0.3063374361592161	0.9289178777453193	0.10787954340511503	-0.9510824656791222	-0.28948946024410926	0.9721589646257311	0.03999398311146332	0.230884015931608
14														9.15631505109865	-2.3971384605850394	2.5820535173151233	-0.20645133461512594	-0.30649299342372177	0.9292146637983064	0.10986784318903177	-0.9509291974035051	-0.2892450838968846	0.9722689460579431	0.04237577736976533	0.22999432606845865
15														9.235630386189793	-2.2187836722771213	2.6837917965042233	-0.20518874157504796	-0.30656521126364983	0.9294704683709544	0.11109985842764236	-0.9508345995919343	-0.28908542971966467	0.9723962164612764	0.04394696191682754	0.2291599065065154
16														9.308558600843723	-2.05895014606589	2.6762474467587056	-0.20418758342533322	-0.3064946941451831	0.9297141674922321	0.1118062221902228	-0.950810005214864	-0.2888939297784944	0.9725259890894814	0.044959275396315834	0.2284116111351721
17														9.317334476406412	-1.9903979694505802	2.717629094576509	-0.20347665595662706	-0.3062527391620006	0.9299497353279264	0.11288452228059716	-0.9508241794824971	-0.2884275720885883	0.9725504280551164	0.046288653763185805	0.22804171860122896
18														9.43341620723744	-2.124469347530661	2.629304135772543	-0.2031349311236459	-0.3056119276731768	0.9302352118799181	0.11397900452414231	-0.950964640179423	-0.2875326758059084	0.9724942088696861	0.047619353127746844	0.22800747997076276
19														9.603375145863161	-2.0555765299639552	2.6045844817467483	-0.20334858950043494	-0.30461127542881455	0.9305166962660126	0.11517149532865378	-0.951217233784859	-0.28621897354026543	0.9723090443948085	0.04896677477956013	0.2285112188837614
20														9.612679330280113	-2.1262299048910562	2.4912879295408574	-0.20431063162498037	-0.3032311471296809	0.930756701407741	0.11610909522271542	-0.9516077607705808	-0.2845370760511933	0.9719958044207616	0.04993536874418751	0.22963147679884405
21														9.520379671554574	-2.356101882100486	2.256814831072716	-0.20604276135999772	-0.3013320368537133	0.930991613311709	0.11633003003990537	-0.9522019076917405	-0.2824515022072357	0.9716036767129183	0.05010519487839277	0.2312482753322423
22														9.357075937582216	-2.5446810928045953	2.1317971223888463	-0.20814401013119893	-0.29914393931183836	0.9312298183689666	0.11650268843192242	-0.9528867110286834	-0.28006077828405906	0.9711350033000755	0.05019780391544677	0.23318873439218418
23														9.098511160403158	-2.8111910937286444	1.913159033189083	-0.21031115713011134	-0.2968794194811315	0.9314675665180941	0.1161722621313403	-0.9536152377161031	-0.27770845127029786	0.9707075886681226	0.04980550857291419	0.23504507784234202
24														8.926677958355151	-3.0780562359746746	1.8065451570364237	-0.2121757843456646	-0.2945358385440925	0.9317886436045624	0.11523449039053477	-0.9543868373902469	-0.27543924346518994	0.9704135452278764	0.04893265197565623	0.23643846304883115
25														8.901787746491532	-3.232452993739349	1.7493583724833872	-0.21339786036263325	-0.2925261771529252	0.9321425796909752	0.11533370319298275	-0.9549916465013054	-0.2732930515408677	0.9701337485627657	0.04918730316882418	0.2375313013195
26														8.80154297648415	-3.2856274745321756	1.717358476755638	-0.21434159760310872	-0.2907410229287217	0.9324844969881845	0.11530377079754867	-0.9555286669138834	-0.271422193539222	0.969929234520134	0.049341912124856044	0.2383330772911087
27														8.756754432095397	-3.410445024785314	1.7468053766616243	-0.21486207561763476	-0.2892905501760589	0.932815772829831	0.11561568664905879	-0.9559413212350205	-0.26983180567922277	0.9697769338677573	0.04987151425690124	0.23884206204890973
28														8.77302401724997	-3.366309135876479	1.7923270034077783	-0.21497879528115238	-0.28825773890671974	0.9331085647125149	0.11566279169360377	-0.9562387439784881	-0.2687556197218681	0.969745449175765	0.050149182195014505	0.23891174799089487
29														8.67182299838597	-3.4761225152695387	1.8133668067540392	-0.21478929404102798	-0.28766783127431456	0.9333342263172875	0.11578560834603636	-0.9563992323470794	-0.26813094052319997	0.96977278373096	0.05047501575878931	0.2387321107828917
30														8.692417944564836	-3.603431940821502	1.8777808606761348	-0.2144025888911883	-0.2873299061635518	0.9335272116552359	0.11583827629305088	-0.95648770129293	-0.2677924028437334	0.9698520627509176	0.050722798615712175	0.2383572404572158
31														8.805156741253787	-3.483778888733852	1.977523819272676	-0.2140775558544108	-0.28723188168886843	0.9336319650809275	0.11585431756925918	-0.9565100930077582	-0.2677054707600339	0.9699219438593827	0.050855561306134764	0.23804439649837394
32														8.853792361332209	-3.3104542256255844	2.0813156570756663	-0.21403423533720817	-0.28734930869426556	0.9336057631016125	0.11554889322382589	-0.9564917237469623	-0.26790303409687877	0.9699679372939939	0.050536691586333254	0.23792486928680306
33														8.692636650380567	-3.4675904445551766	2.018540291435536	-0.21424121799523588	-0.28759188010529335	0.9334835890412968	0.11484988432896251	-0.9564612580559946	-0.2683120681362812	0.9700052600793162	0.049726977944040116	0.2379433190552136
34														8.65330066764283	-3.384622601461491	1.9765493540745782	-0.2144470322859358	-0.2878256557900282	0.9333642709107712	0.11398911394410267	-0.9564407069872721	-0.26875203426193073	0.9700613136529019	0.04876029005992302	0.2379148626447683
35														8.597719469072093	-3.306480624323158	2.055034211678094	-0.21437661109757095	-0.2882348732485581	0.9332541596251839	0.11369299575713045	-0.9563365720591522	-0.2692475880261862	0.9701116282831012	0.048384075743341665	0.2377864796080143
36														8.588921609890635	-3.173628530078577	2.0765337479263084	-0.21408663363197622	-0.28870110524641096	0.9331766098277589	0.11347295091655842	-0.9562086998338838	-0.26979401730261227	0.9702014237829261	0.04813101070510224	0.23747126794222717
37														8.610352465638584	-3.095718035370657	2.142660134436184	-0.213517741375788	-0.2893430960252126	0.9331081110462638	0.11338626160429674	-0.9560189751496047	-0.270501894324793	0.9703369156108532	0.048044686870080955	0.23693454426565114
38														8.695274780080677	-2.971260792422045	2.221759055141754	-0.2127983034616372	-0.290037763348673	0.9330567924170254	0.11275743027344474	-0.9558379160943172	-0.27140309518242856	0.9705682067541561	0.047454968003068726	0.23610459980663123
39														8.815374372686202	-2.8377119588684687	2.39181416103922	-0.21161723402919386	-0.29107780479673806	0.9330015315188641	0.11262453037846151	-0.9555244121421538	-0.27255974199691135	0.9708418313087178	0.04740052062060034	0.2349879342137201
40														8.90970778617104	-2.796112506782403	2.522790267184576	-0.21040346277122896	-0.2919953636817093	0.9329893302939014	0.11186685003764409	-0.9552752902004714	-0.2737424479233366	0.9711931788869461	0.04677421854816702	0.23365783051863892
41														9.072894238971294	-2.675454354504324	2.585830938173723	-0.20904814816887446	-0.29309425927606336	0.9329494235630248	0.11173725278527599	-0.9549391934901899	-0.2749653124965134	0.9715007246971893	0.04676421618846721	0.23237781735164537
42														9.13138326550217	-2.592363785632352	2.7383073758584833	-0.20809842537059214	-0.29392500497471813	0.9329003895426842	0.11098289068248439	-0.9547165086828083	-0.2760420004714295	0.9717910492148194	0.046092076316010075	0.2312956488281595
43														9.103788036165769	-2.5356504855842577	2.826897528522737	-0.20735108803861318	-0.2948284752051288	0.9327816982002928	0.11054405799080971	-0.9544588968080667	-0.277106884697679	0.9720007909112667	0.04565506009356485	0.23049962680170483
44														9.090011822561618	-2.5779469919175892	2.7780465222832404	-0.2068449262655062	-0.29564363970538865	0.9326360569804103	0.11018715638076174	-0.9542259449797372	-0.27804970148563096	0.972149148560517	0.04525134505489613	0.229952927191162
45														9.094493931532101	-2.5215233908127703	2.820946635087289	-0.20643807263921055	-0.2963527382842561	0.9325011403083814	0.10999632342916817	-0.9540174430909784	-0.27883960821629694	0.9722572349934322	0.04500858573178394	0.22954323386532394
46														9.155545454609232	-2.38322979502459	2.8849485651178433	-0.2061820530424806	-0.2968746776136333	0.932391756074124	0.1094565635333353	-0.9538824719283777	-0.27951295219950056	0.9723724706626882	0.044425843150227656	0.2291683284350844
47														9.161610838123043	-2.299622309449136	2.8812756364047734	-0.2059206150610779	-0.297480922208904	0.9322562958835983	0.10917970051093018	-0.9537095199611672	-0.28021053608275237	0.9724589931144709	0.04408233724724564	0.2288673289344923
48														9.216951444048778	-2.304722357995152	2.8311100741647746	-0.20553840681231156	-0.2980364349785067	0.9321632082153631	0.10931473187149354	-0.9535310269090811	-0.2807647950110136	0.9725246797490127	0.04419122251098469	0.2285670210946112
49														9.19123309828096	-2.3412927011351474	2.8732425747541694	-0.20542079362174992	-0.2983893992511415	0.9320762114560983	0.10890484635478016	-0.9534415485725871	-0.2812275731430841	0.9725955130413939	0.04373762533620093	0.22835277125907172
50														9.168378415388595	-2.448533537185665	2.815636503245749	-0.20549611972896503	-0.2985076214283755	0.9320217512083677	0.10824561478698977	-0.9534362828681073	-0.2814998070870262	0.9726531918704249	0.0430401493935605	0.2282395975383204
51														9.106059561202958	-2.5173991447065442	2.8146740010872686	-0.20554191920804632	-0.2985154092731442	0.9320091576131427	0.10819304777644778	-0.9534368665574384	-0.2815180383243254	0.9726493632656713	0.04297315342885939	0.22826853533341707
52														9.253606850964827	-2.502505759696904	2.8152690860028176	-0.20565425144374505	-0.29847085894075637	0.9319986455066765	0.10880741469163464	-0.9534244992729277	-0.28132307174188453	0.9725570807779024	0.04355307738075448	0.2285516442282367
53														9.23851645803192	-2.434076373077024	2.8290946183277828	-0.20605193550518752	-0.29830574099890705	0.9319636713744042	0.10911544087512844	-0.9534658749248248	-0.28106341974092647	0.9724383890186523	0.04377796524429661	0.22901325141108497
54														9.216754787703884	-2.508893791688595	2.7300619053106745	-0.2066588406719997	-0.2981400578563899	0.9318823045178471	0.10934575586422159	-0.9535136875050234	-0.28081159772177233	0.9722837184930061	0.04386517573156329	0.2296523832043813
55														9.213183185465603	-2.5647523827864243	2.655686789609849	-0.20746362714017075	-0.2978403703100899	0.9317993116693063	0.10962154419010174	-0.953602422274761	-0.28040245591129587	0.9720812519862844	0.043971968858093985	0.23048753869031846
56														9.189667424563698	-2.539327968209897	2.6126678736337405	-0.2084228418075812	-0.2973426364419698	0.9317442114478579	0.10964823701863957	-0.9537638783924658	-0.2798423277355767	0.9718730282971929	0.04383857693288272	0.2313892738243143
57														9.158556113252756	-2.559011700062955	2.5085405846714637	-0.20939957754745459	-0.2969575775875529	0.9316480097312936	0.10994713655910636	-0.9538791665295598	-0.27933163591567284	0.9716292729664959	0.043940104394564916	0.23239152983788797
58														9.182367205515881	-2.60218936499982	2.4066076087027164	-0.21046769532203363	-0.2964936846145268	0.9315550677279006	0.11011819950329894	-0.9540248507593238	-0.27876614979549097	0.9713790873618721	0.04390989771511633	0.23344076233311256
59														9.164853593011927	-2.634567338322932	2.408789936729786	-0.21157232928730269	-0.29602305611822854	0.9314545075989323	0.11047469918633615	-0.9541643461757172	-0.27814697792130466	0.9710985996898739	0.04405395252971454	0.2345778313201739
60														9.102911771883855	-2.7045683125242443	2.2414393143820566	-0.21275776348296865	-0.2956247165254235	0.9313109905165878	0.11047360114517962	-0.9542992600432779	-0.2776841834366297	0.9708396971321994	0.04380581308587994	0.23569330328234622
61														8.946647437078099	-2.8401422419794633	2.123153396040769	-0.21382906333226298	-0.29534739061895854	0.9311536127455122	0.11093165049253115	-0.9543756084997147	-0.27723882632092145	0.9705520597028527	0.04401268857240426	0.23683661594267597
62														8.98566380571288	-2.8721293407718282	2.0788433662842283	-0.21478992382612727	-0.2950346398749741	0.9310316052082291	0.11179770490565627	-0.954442123209756	-0.2766613572956691	0.9702404659673783	0.04466312479773932	0.23798874654635938
63														8.991637411952494	-2.8104936254219375	1.9588962308047742	-0.21561312199238636	-0.2947813231596579	0.9309215612182036	0.1126071499369234	-0.9544911398097058	-0.2761635272947023	0.9699642320249646	0.04528394352317269	0.23899529922408624
64														8.957703334054113	-2.758625362348041	1.955319871061976	-0.21630863211102952	-0.29463628593850766	0.9308061208880272	0.11353587280354928	-0.9545001207638371	-0.27575192664523	0.9697010783024793	0.04603236329129752	0.23991840335586262
65														8.926484077229569	-2.8061129086519414	1.8972040314796108	-0.21677146060155922	-0.2944027739030572	0.9307723355293989	0.11404796627094484	-0.9545513617302348	-0.27536295903482644	0.9695376193104257	0.04646186110283876	0.24049553052963885
66														8.930916946555733	-2.921528811197797	1.8636224918130304	-0.21697553986692764	-0.2941231608755818	0.930813182833168	0.11478122435923865	-0.9546015042124188	-0.2748840458993246	0.969405428927469	0.047196762515499605	0.24088499325197932
67														8.922016505577941	-2.86557346754286	1.8563907577405043	-0.2169461545492284	-0.29388808596446314	0.9308942791501336	0.11534954147479917	-0.954642594952061	-0.2745031861103778	0.9693445462310375	0.047825817623323996	0.24100589590465338
68														8.888855254219317	-2.9641327811336664	1.8885322221257737	-0.21683582362014497	-0.2935685641547644	0.9310207966179295	0.11551212563471999	-0.9547270940171798	-0.2741407025249267	0.9693498720412165	0.04810066620766973	0.24092976462873217
69														8.926947730759911	-3.0026797908562837	1.8671925574982786	-0.21647812886008627	-0.2932829347500742	0.9311940398808507	0.1163685253175058	-0.9547628914112003	-0.2736534076154607	0.9693273884713383	0.04912169956860386	0.24081418685539874
70														9.00439020809013	-2.9190985740325535	1.9232711440136963	-0.21619110111056955	-0.2929700053465876	0.9313592130686312	0.11661838873427084	-0.9548377794126237	-0.27328550348562647	0.9693614182592694	0.049531716844768245	0.240593120884176
71														8.919203696847372	-2.8651883616677956	1.921378691212266	-0.21574475738294796	-0.292990529685333	0.9314562518854445	0.1173915955673147	-0.9547851475000819	-0.2731383081945966	0.9693675324416083	0.05041697757655081	0.2403845157661213
72														8.85741586653766	-2.8083451397171633	1.921354538272546	-0.21509653404767476	-0.2931203221123093	0.9315653266440594	0.11797820901161707	-0.95470640061054	-0.2731608149637829	0.9694403660045771	0.05114846427844029	0.23993584843217658
73														8.852623412254317	-2.796089519574305	1.9350541929221334	-0.21413537910502317	-0.2933685133796842	0.931708621175602	0.11856966676255566	-0.9545871740713683	-0.27332135156671394	0.969580978330002	0.051944609497355756	0.23919549327862072
74														8.915801441589633	-2.7755336202269443	1.9901438208080866	-0.21281883571576243	-0.2937413284375034	0.9318927916516785	0.11974354505816953	-0.9543930471625459	-0.2734874676190725	0.9697265731026917	0.053384862044982856	0.23828644510955455
75														8.976578433625352	-2.611410402050586	2.0327970417442045	-0.21159620437682236	-0.2940975265947018	0.932058845322655	0.1205102773599496	-0.9542259196164141	-0.27373375272851697	0.969899128437566	0.05440164687844967	0.23735235720961867
76														9.07253024345326	-2.51580443657887	2.10239578379772	-0.21034746470328747	-0.2946004710055374	0.9321826573028565	0.1210916346417734	-0.9540245190027863	-0.2741788342693243	0.970098324971589	0.055206699093659745	0.23635029143730624
77														9.223410668969366	-2.444773540187031	2.1731871891056356	-0.20926173466425568	-0.2950021762246805	0.9322999744867578	0.12131829054392354	-0.9538750805176295	-0.274598257727514	0.9703047968472623	0.05564213143103504	0.23539871372844123
78														9.319129229404416	-2.5096076719805267	2.1107659106461636	-0.20849882404217807	-0.29519858452801473	0.9324087280081008	0.12068892077309798	-0.9538402928899329	-0.2749961455407535	0.9705474871306674	0.05519503014133602	0.23450177797203003
79														9.387691999934948	-2.5836824284713997	2.0800716432381323	-0.2078663041341443	-0.2952349779084923	0.932538421420256	0.12022545485805392	-0.9538452601834932	-0.27518186646226855	0.9707406654765139	0.054913818341614504	0.23376704845927
80														9.373305536574769	-2.667818668449296	2.127742766209329	-0.20741509767566468	-0.2950271803338293	0.9327046371282098	0.11912892845070372	-0.9539606288556242	-0.27525881820492176	0.9709723351684035	0.054019269318024185	0.23301210886982926
81														9.261122157817073	-2.77590508615246	2.1962626380852455	-0.20687874544680201	-0.29475117195953915	0.9329109986010647	0.11805855302266002	-0.9540924251187577	-0.2752631874937217	0.9712174641863446	0.05319201969737754	0.23217934081214192
82														9.207657857902849	-2.901610726796605	2.2310290489987223	-0.2062824175712098	-0.294315190866957	0.9331806537996401	0.11687393106059636	-0.9542757970375577	-0.2751330358695169	0.9714875441504229	0.05230938360639102	0.23124809177007155
83														9.191789146118284	-2.9107884233373857	2.3758538365177753	-0.2055333101355018	-0.2940258451891297	0.9334371220310246	0.11571025795747798	-0.9544114416284919	-0.2751543862852963	0.971785570292211	0.05145485836577622	0.23018514922209987
84														9.159551642171257	-2.8905305112800845	2.400402901339235	-0.20473426026256503	-0.294060520804961	0.9336017849054571	0.11427748275350214	-0.9544638568589074	-0.2755710487071199	0.9721237264928076	0.05027082706634073	0.22901594777613798
85														9.045114827336867	-2.984767837521106	2.450567239203336	-0.2038351493784224	-0.29441960688694674	0.9336853468692821	0.11321089585015552	-0.9543987914622079	-0.2762358411145846	0.9724374144070564	0.04939678062396913	0.22787152767580687
86														9.035064948341999	-2.9649996653953488	2.4784016459310796	-0.20275998695926278	-0.29514996922217807	0.9336888578945486	0.1130794785270066	-0.9541728782347927	-0.2770688542171265	0.9726774487076071	0.049402571889309466	0.22684348495467488
87														9.071718326928377	-2.8123869004047295	2.5175090887001406	-0.20190605254489152	-0.2958534230356077	0.9336512721695681	0.11254701864654358	-0.953977879733887	-0.27795570433472233	0.9729168076148719	0.048958728093678724	0.2259113286312467
88														9.07098063742402	-2.697190831552547	2.513394217230628	-0.20121501890166638	-0.2966778538101874	0.9335388407704215	0.1119789123380661	-0.953750090480151	-0.2789650302469586	0.973125500313287	0.04840471018076517	0.2251305058678863
89														9.065822242793685	-2.6667032415514367	2.4789276190664067	-0.20093493645679578	-0.2972807553617369	0.933407362196516	0.11126170834299753	-0.9536009124027863	-0.27976084808487894	0.9732656284733889	0.047638769464881006	0.2246877034378399
90														8.96750809151727	-2.673218605764562	2.4488225757952127	-0.20081509433184241	-0.2977414767314537	0.933286296332624	0.11040985968421105	-0.9535022012735386	-0.28043397627789207	0.9733873641942381	0.04672863362318348	0.22435122916245454
91														8.95016555668648	-2.592059754044601	2.442395378434819	-0.20079896579979944	-0.2979279568385602	0.9332302544751386	0.10970542326103454	-0.953479451431716	-0.2807875634792101	0.9734703361894744	0.04599856771112716	0.22414200036511805
92														8.975596394793147	-2.6101016325675443	2.4579298017727953	-0.20077969928554645	-0.29806894192837635	0.9331893796076463	0.10920838115445387	-0.9534600933442534	-0.28104693537840064	0.973530195649025	0.045483582287080465	0.22398705744284725
93														8.951698929105694	-2.616114790443258	2.453930070242797	-0.20099584500422601	-0.29789344427525744	0.9331988888489208	0.10838400091574665	-0.9535541242119951	-0.28104704329309266	0.9735777209018969	0.04465454127094076	0.22394730029037918
94														8.930911565344134	-2.686617801605889	2.5269782491112665	-0.2010853410119447	-0.29783518346713056	0.9331982046270827	0.10793551477178469	-0.9535933677313839	-0.28108648788169666	0.9736090643995975	0.044202856330988596	0.22390064138166782
95														8.909222509494262	-2.71148112378748	2.537569798279071	-0.20129565573651947	-0.2976192882021288	0.933221741212485	0.10713884721330857	-0.9536970860720602	-0.2810393841358616	0.9736535967167212	0.0434122944304864	0.22386166776130473
96														8.87324988156764	-2.7938078538785844	2.5535869515985943	-0.20134296014683362	-0.29742291852114655	0.9332741397561994	0.10675335163050667	-0.9537739611671985	-0.28092517316019344	0.9736861580175431	0.043067836465217044	0.22378656605623437
97														8.938741877407448	-2.7920751345776296	2.628817748264914	-0.20142564641142668	-0.29717041003975053	0.9333367325700546	0.10601044686279006	-0.9538836408536597	-0.2808340877951214	0.9737502216295977	0.04237625642471214	0.2236397969229461
98														8.977561818760256	-2.8537481789034653	2.619499820345877	-0.20161870509571433	-0.29677612168213907	0.9334205008220229	0.1048249758831982	-0.9540556418660655	-0.2806947748972487	0.9738386017131457	0.04125246444563499	0.22346501290033594
99														8.996722659756653	-2.834696351427609	2.6410292180475534	-0.20176086773549162	-0.2964608965880735	0.9334899512286233	0.10421162741821303	-0.9541780005048797	-0.2805071836216639	0.973874986310599	0.040685134222537334	0.22341045385528657
100														8.902401104507723	-2.8516836199696165	2.628177977089141	-0.2018194354366568	-0.2960956983851492	0.9335931945327371	0.10414299891898267	-0.9542912654307929	-0.2801471336613281	0.9738701922002702	0.04068805869426552	0.22343081842821533
101														9.034584208932896	-2.7477576707825824	2.6232396771859716	-0.2019559105076783	-0.2955940214773187	0.933722648690649	0.10373007422743229	-0.9544605670172476	-0.27972325200076903	0.9738859696657439	0.040363355608531645	0.22342094264467066
102														8.957756504513878	-2.901674524902756	2.498518070243186	-0.20216078800836212	-0.2949451827350061	0.9338834804049442	0.10302790384760367	-0.9546861611538826	-0.27921243656046535	0.9739179979960361	0.03977025122722758	0.22338769056668317
103														8.802738224248442	-2.911019896484395	2.3746116293833004	-0.20212738925692636	-0.2942474158761185	0.9341107946932234	0.10273350523487963	-0.9549061114008108	-0.2785680263625694	0.9739560284809237	0.03965824831745306	0.22324174772218858
104														8.885139689790655	-2.8982197521569946	2.32713160450851	-0.201655836011701	-0.2935647478128651	0.9344274517821008	0.10256686603356	-0.9551104951014744	-0.27792801251235894	0.974071333011333	0.03979548955076538	0.2227136215343355
105														8.813184731743668	-2.8669309242977863	2.283460140391376	-0.20084862207215204	-0.29290530806951975	0.9348081682978692	0.10263946102543789	-0.9552935271703165	-0.27727137967504534	0.9742304512034744	0.04025863200849278	0.22193303155834943
106														8.86575228949739	-2.8260639925522075	2.2320020557497666	-0.19964874463422144	-0.2923013101368945	0.9352541488056788	0.10248530803348394	-0.9554641102574342	-0.27674012294434647	0.9744932736572695	0.04059899139418495	0.2207137999639206
107														8.963161968261998	-2.7834336859298228	2.2162576229105984	-0.19804415093017508	-0.2918813396853636	0.9357263477244955	0.10232180173916389	-0.9555752604072171	-0.2764166611956131	0.9748378137778597	0.041002502864538645	0.21911191566787563
108														9.150808923701636	-2.8354077785367524	2.2234307095909087	-0.19621298240786111	-0.29185921042307106	0.9361189383971641	0.10198353911621758	-0.9555732530960968	-0.27654857749891526	0.9752434687214998	0.04120630119974558	0.21726071310177675
109														9.142883465736071	-2.889607222739241	2.178018314889069	-0.19454889645119683	-0.29209661488839445	0.9363921691579671	0.10161084587577893	-0.9554980399533608	-0.27694535859207814	0.9756156840119119	0.041268186488226694	0.21557127335046927
110														9.13717264715378	-2.8870268812431013	2.2161536198255627	-0.19311254194752203	-0.2924286036929982	0.936585851849541	0.10132857979286242	-0.9553937332421838	-0.2774082432061543	0.975930358714047	0.04133190321926536	0.21412988749015216
111														9.232800071294003	-2.7747826528812927	2.2682540316455277	-0.19193526238320696	-0.29285304429203096	0.9366952276502641	0.10132600457439425	-0.9552532033173293	-0.2778927101400318	0.9761628428960406	0.041574174686596424	0.2130204031266701
112														9.248713325849641	-2.6698568066274984	2.368524543288619	-0.19127435068498477	-0.2931987114714969	0.936722284544086	0.1006024522182379	-0.9551728491656575	-0.27843127486767255	0.9763673844295061	0.04097979756189846	0.2121965758773482
113														9.208787976631056	-2.691961575138302	2.3035235777783933	-0.19096001135381274	-0.2935649393603183	0.9366717143386601	0.10022205822898789	-0.9550758836508475	-0.27890069113019134	0.9764680297419354	0.04061628795108753	0.21180298403227776
114														9.161612771278476	-2.7782445406061687	2.1940701105290445	-0.1910688849187946	-0.293768990081211	0.9365855335646361	0.09930951473784148	-0.9550539153956801	-0.2793020568666047	0.9765399641071651	0.0396459222877584	0.21165514250197226
115														9.215331899613867	-2.8060585866105243	2.1936865788578457	-0.19121913666490753	-0.2940332781341366	0.9364719286357823	0.0989427843649281	-0.9549916595905301	-0.2796448739645361	0.9765477802930298	0.039183688726553076	0.21170515190362715
116														9.108165098456249	-2.827800041504016	2.0595726034814095	-0.1914994603446073	-0.2943138311687494	0.9363265058036626	0.09870179425524249	-0.9549207941942939	-0.2799718425594512	0.976517236150248	0.03880264936974298	0.21191611997054127
117														9.068540887263161	-2.893765303614415	2.0642187674813894	-0.1917566324933374	-0.29459123284751765	0.9361866263861034	0.09846921212158245	-0.9548500356489205	-0.28029488701260513	0.976490249904713	0.03843715586036427	0.212106993968601
118														9.032221752232287	-2.9273732572810918	1.9866338485371484	-0.1919158134413253	-0.29492019682561055	0.9360504249534306	0.0982623964463045	-0.9547614467890633	-0.28066898861449624	0.976479811361087	0.03811374069280071	0.21221338500343995
119														9.071822179292045	-2.86252198486341	1.9503209852643202	-0.1918739753893986	-0.29531105501751226	0.9359357661467548	0.09830195170969373	-0.9546421284591373	-0.2810607280661488	0.9764840520245756	0.0380760732672428	0.21220063333132172
120														9.14473123053045	-2.84654184900318	1.9244460929756784	-0.19172901565220818	-0.29575474718104133	0.9358253651600352	0.0985546321292528	-0.9544972044222904	-0.28146415621869136	0.976487055235707	0.03826507898738189	0.212152809755578
121														9.158607579814639	-2.7669125742403873	1.869908308020789	-0.1915440543308508	-0.2961505550148323	0.9357380637843621	0.09874788942287295	-0.9543683013546693	-0.2818332835275688	0.9765038297851311	0.03841866907910467	0.2120478160254477
122														9.114076586226307	-2.72158742037165	1.9445268122908408	-0.1914353664614588	-0.2964669306411416	0.9356601196502863	0.09812193003903089	-0.9542960698187777	-0.2822961175323716	0.9765882383651685	0.03776731609018005	0.2117759252657439
123														9.111265514213434	-2.7056041173782104	1.927978768370074	-0.191074781615575	-0.29679760551349194	0.9356289912096667	0.09822831939121718	-0.9541879040644259	-0.2826245583927833	0.9766481582945508	0.03790283760612606	0.2114751753782611
124														9.082356544725998	-2.699916997988202	1.9412253368582892	-0.19058752974593368	-0.29703733607300553	0.9356522935813255	0.09851011002231544	-0.9540987341216006	-0.28282744522225944	0.9767149797810689	0.03826782625406437	0.21110050152724552
125														9.079952469661507	-2.70863702788174	1.970198543611742	-0.19004446170778405	-0.2971617555568346	0.9357232462692047	0.0984059814158846	-0.954058760406975	-0.28299848853356546	0.9768312880921532	0.03829846896530059	0.21055607775397683
126														9.101760149094691	-2.7124440972524617	2.000693472868985	-0.18937778278570588	-0.2973197872338515	0.9358082065820897	0.09813369809647321	-0.9540137100033339	-0.283244802994838	0.9769881435744653	0.03819404724419237	0.20984609138611127
127														9.045380824279928	-2.7953276875860307	1.9736431976242625	-0.1886007463640878	-0.2974556690005117	0.9359219430328404	0.09779801235348333	-0.9539764855681376	-0.28348617913890106	0.9771720970487324	0.03806560077712158	0.20901125038346585
128														9.027075348199112	-2.842179293463817	1.9903194981749066	-0.18761493888331437	-0.2976396312363463	0.9360615816415617	0.09790522517297662	-0.9539048645746335	-0.2836901059689586	0.9773511147953119	0.038420818033222615	0.20810727798426232
129														9.064019624446917	-2.8874376553453653	1.9576519032659392	-0.18650588792450679	-0.2978938318541786	0.9362023385533313	0.0978127395097004	-0.9538181809476733	-0.2840132843429687	0.9775726171283132	0.03860236569054856	0.20703051853288285
130														9.098321460026622	-2.8417737847945217	2.0115177278253453	-0.1853084663081006	-0.29826277885153385	0.9363226404751195	0.09780585269588732	-0.9536920486297422	-0.2844389065490777	0.9778009958539464	0.038868896719171056	0.2058990562748273
131														9.15394428006767	-2.7987459607872145	2.1013536041752316	-0.1840362816800799	-0.29871969843585394	0.9364278876623453	0.09790352426378139	-0.9535337832755031	-0.28493547355328785	0.9780314652208797	0.03924112534953218	0.2047305231742469
132														9.19605651544229	-2.663499707336343	2.1542879026826083	-0.182846273456361	-0.2991398783203627	0.9365268674638231	0.09760638926697765	-0.9534031992479571	-0.28547387347710895	0.978284331397261	0.03921317205021502	0.20352418549247492
133														9.173163457263273	-2.699347278028118	2.1881899296627885	-0.18165691094526948	-0.2995200495154479	0.9366368061549186	0.09756313990844129	-0.9532743865090703	-0.2859184809643518	0.978510194344969	0.03944215972813994	0.20239099683274342
134														9.150750216850186	-2.707666251311942	2.1748794865056644	-0.1806840873826781	-0.2996550767372339	0.9367817758433883	0.09696435817780762	-0.953245258611988	-0.28621912964882507	0.9787498014354106	0.039119201415258584	0.20129211179471956
135														9.23077543978145	-2.7558424763589264	2.214866778809493	-0.1797360657469823	-0.2997177246778234	0.936944092346894	0.09683878084704779	-0.9532195437738167	-0.2863472575243118	0.9789367687414005	0.03926559411985919	0.20035222964709076
136														9.284617179543474	-2.7874996292090475	2.240160553327532	-0.17908434266113143	-0.29973374546281134	0.9370637545249871	0.09690120531223904	-0.953204121693659	-0.28637747606132646	0.9790500266190008	0.039516885214486805	0.19974849476348838
137														9.292551036239784	-2.821105139375523	2.2298265507153596	-0.1788211850235361	-0.2996863838205299	0.9371291560608666	0.09683553459154108	-0.9532179994484707	-0.2863534961683294	0.9791046231262257	0.03954133128802051	0.1994758634342068
138														9.114400584827985	-2.805974394680616	2.236024697771356	-0.17884752011380417	-0.2995994819735472	0.9371519166871104	0.09635116221564383	-0.9532643238018714	-0.28636267652446534	0.9791475977036542	0.039080421795869194	0.19935571861228324
139														9.116019464636961	-2.8979298828960824	2.148131596747297	-0.17890964526072178	-0.29955506162841805	0.9371542583190229	0.09624351681980925	-0.9532829432670975	-0.2863368916960848	0.9791468349041621	0.038966589904878474	0.19938174582530682
140														9.146537308341058	-2.901149714981782	2.0975385060865452	-0.17899537563735013	-0.2996437441384813	0.9371095358063092	0.09641033499339058	-0.9532502393907283	-0.28638964437978764	0.9791147546671463	0.0390846222981798	0.19951613842720217
141														9.111996626562377	-2.925887132625025	1.9866593498114518	-0.17919967530228553	-0.29979300399726294	0.9370227484569689	0.09642006684493129	-0.9532067131561106	-0.28653120720742165	0.9790764255568478	0.039001496745900324	0.19972039497859284
142														9.044108506465802	-2.9286055784577893	1.9133350742521762	-0.17942900081178775	-0.29994822256285214	0.9369291848635466	0.09613289552079039	-0.9531733941292739	-0.2867384646727209	0.9790626640141442	0.038620519228334205	0.1998618408502773
143														8.98076735190645	-2.971200963675417	1.8677558892428308	-0.17946851166581312	-0.3001881891806866	0.9368447600306463	0.09640083240661396	-0.9530898091966912	-0.2869262886469762	0.9790290766017989	0.038818380721460516	0.19998800085603607
144														9.003941410379776	-2.9429393505991803	1.8223970514307002	-0.17930221209063746	-0.30043150239921224	0.9367986064814341	0.09641190710358923	-0.9530127956607064	-0.28717826428128934	0.979058456328351	0.03882684217287495	0.19984247651295184
145														8.989747104792503	-2.878853698703298	1.8319308517631525	-0.1788176570553054	-0.3007522279358714	0.936788312756335	0.09696599260688009	-0.9528863487868415	-0.28741120815556986	0.9790923561150979	0.03944240975512879	0.1995556426405799
146														9.015717841312663	-2.87102949023029	1.7971031770099253	-0.17822443354900563	-0.3011180161371494	0.9367838553496554	0.09731331626403217	-0.9527526139427953	-0.2877369894588937	0.9791660583189313	0.03987978162927283	0.19910658766944156
147														8.957762763753987	-2.9798646174269683	1.821687993152717	-0.17739487052140718	-0.3014121967140547	0.9368467044211134	0.09812872444158915	-0.9526181078029894	-0.28790535619421664	0.9792353207233487	0.0408586387176577	0.19856676028474668
148														8.944718604495524	-2.915047619998849	1.8270511122380424	-0.17617176227199766	-0.3018178484117728	0.9369469016748319	0.0996963592640449	-0.9524105358101321	-0.28805347980427454	0.97929778215182	0.04266330575500743	0.19787798314764965
149														8.979769418218499	-2.8675540169821296	1.883547337240419	-0.17484065280541666	-0.30223922335718084	0.9370604025307143	0.10097424105107745	-0.9522061067669239	-0.28828411832762674	0.9794054057287693	0.044215179522719764	0.1970027135067916
150														8.952410033789656	-2.861285790163884	1.8916569707096564	-0.17322186492122743	-0.3027925447393741	0.9371824050650261	0.10230017761456181	-0.9519518884160084	-0.28865598175202456	0.9795554395608457	0.04587239901564091	0.1958746125339082
151														9.038127144049454	-2.7998510907511758	1.9150330975399867	-0.17130651690291593	-0.30337579553842353	0.9373458294290424	0.1040979240965352	-0.951657659952327	-0.2889832528934037	0.9797028628443334	0.048071040507664795	0.1946059495470976
152														9.29552809472181	-2.603263093388587	1.9705225492313707	-0.16918082318068273	-0.3040451380461941	0.9375150148655631	0.10584127984430187	-0.9513307723480147	-0.28942595782799074	0.97988543848188	0.05026246725142389	0.19312744972419837
153														9.408967116501206	-2.2645832320494437	1.9521586693811346	-0.1671133872347862	-0.3047915627231875	0.937643439213262	0.10747736386081327	-0.9509810749842781	-0.2899717422082328	0.9800621062281958	0.052317285045238096	0.19167986232530676
154														9.543046061412685	-2.171689459068608	1.926061297653159	-0.1652895177877638	-0.30539060383669786	0.9377718029444831	0.10800213881791958	-0.9507369736503061	-0.2905765732900934	0.9803136810838887	0.05325209876160042	0.19012969430691629
155														9.636565357572602	-2.156951781803169	1.6727861905095864	-0.163342010880009	-0.30594385793041046	0.9379326965600102	0.10905822784684628	-0.9504739905182259	-0.29104208679719357	0.9805231717917638	0.05474987801828082	0.1886180278669115
156														9.788618434848324	-2.2046809178401525	1.4474331174734014	-0.16152172935907583	-0.3062883033919901	0.9381354945582806	0.11061088832214118	-0.9502467173609817	-0.291198227208315	0.9806507851062173	0.05673315917463856	0.18736431442680024
